Starting Dynare (version 5.3).
Calling Dynare with arguments: none
Starting preprocessing of the model file ...
WARNING: in the 'steady_state_model' block, variable 'ewma' is not assigned a value
WARNING: in the 'steady_state_model' block, variable 'epinfma' is not assigned a value
WARNING: in the 'steady_state_model' block, variable 'zcapf' is not assigned a value
WARNING: in the 'steady_state_model' block, variable 'rkf' is not assigned a value
WARNING: in the 'steady_state_model' block, variable 'kf' is not assigned a value
WARNING: in the 'steady_state_model' block, variable 'pkf' is not assigned a value
WARNING: in the 'steady_state_model' block, variable 'cf' is not assigned a value
WARNING: in the 'steady_state_model' block, variable 'invef' is not assigned a value
WARNING: in the 'steady_state_model' block, variable 'yf' is not assigned a value
WARNING: in the 'steady_state_model' block, variable 'labf' is not assigned a value
WARNING: in the 'steady_state_model' block, variable 'wf' is not assigned a value
WARNING: in the 'steady_state_model' block, variable 'rrf' is not assigned a value
WARNING: in the 'steady_state_model' block, variable 'mc' is not assigned a value
WARNING: in the 'steady_state_model' block, variable 'zcap' is not assigned a value
WARNING: in the 'steady_state_model' block, variable 'rk' is not assigned a value
WARNING: in the 'steady_state_model' block, variable 'k' is not assigned a value
WARNING: in the 'steady_state_model' block, variable 'pk' is not assigned a value
WARNING: in the 'steady_state_model' block, variable 'c' is not assigned a value
WARNING: in the 'steady_state_model' block, variable 'inve' is not assigned a value
WARNING: in the 'steady_state_model' block, variable 'y' is not assigned a value
WARNING: in the 'steady_state_model' block, variable 'lab' is not assigned a value
WARNING: in the 'steady_state_model' block, variable 'pinf' is not assigned a value
WARNING: in the 'steady_state_model' block, variable 'w' is not assigned a value
WARNING: in the 'steady_state_model' block, variable 'r' is not assigned a value
WARNING: in the 'steady_state_model' block, variable 'a' is not assigned a value
WARNING: in the 'steady_state_model' block, variable 'b' is not assigned a value
WARNING: in the 'steady_state_model' block, variable 'g' is not assigned a value
WARNING: in the 'steady_state_model' block, variable 'qs' is not assigned a value
WARNING: in the 'steady_state_model' block, variable 'ms' is not assigned a value
WARNING: in the 'steady_state_model' block, variable 'spinf' is not assigned a value
WARNING: in the 'steady_state_model' block, variable 'sw' is not assigned a value
WARNING: in the 'steady_state_model' block, variable 'kpf' is not assigned a value
WARNING: in the 'steady_state_model' block, variable 'kp' is not assigned a value
Found 40 equation(s).
Evaluating expressions...done
Computing static model derivatives (order 1).
Computing dynamic model derivatives (order 2).
Processing outputs ...
done
Preprocessing completed.


EIGENVALUES:
         Modulus             Real        Imaginary

               0                0                0
               0                0                0
               0                0                0
               0                0                0
               0                0                0
       1.358e-17       -1.358e-17                0
       1.963e-17        1.963e-17                0
          0.4359           0.4359                0
          0.4788           0.4788                0
          0.5799           0.5799                0
          0.6238           0.6238                0
          0.7165           0.7165                0
          0.8221           0.8221                0
          0.8263           0.8256          0.03532
          0.8263           0.8256         -0.03532
          0.8543           0.8543                0
          0.9757           0.9757                0
          0.9768           0.9768                0
          0.9957           0.9957                0
          0.9977           0.9977                0
           1.035            1.035          0.01217
           1.035            1.035         -0.01217
            1.04             1.04                0
           1.167            1.148           0.2061
           1.167            1.148          -0.2061
           1.267            1.267                0
           1.278            1.278                0
       2.611e+16        2.611e+16                0
       3.364e+16        3.364e+16                0
       3.145e+17       -3.145e+17                0
       3.396e+17        3.396e+17                0
       4.879e+18        4.879e+18                0


There are 12 eigenvalue(s) larger than 1 in modulus 
for 12 forward-looking variable(s)

The rank condition is verified.

[Warning: Some of the parameters have no value (ccs, cinvs, crdpi) when using stoch_simul. If these parameters are
not initialized in a steadystate file or a steady_state_model-block, Dynare may not be able to solve the model.
Note that simul, perfect_foresight_setup, and perfect_foresight_solver do not automatically call the steady state
file.] 

MODEL SUMMARY

  Number of variables:         40
  Number of stochastic shocks: 7
  Number of state variables:   20
  Number of jumpers:           12
  Number of static variables:  14


MATRIX OF COVARIANCE OF EXOGENOUS SHOCKS
Variables          ea        eb        eg       eqs        em     epinf        ew
ea           0.213259  0.000000  0.000000  0.000000  0.000000  0.000000  0.000000
eb           0.000000  3.427312  0.000000  0.000000  0.000000  0.000000  0.000000
eg           0.000000  0.000000  0.370881  0.000000  0.000000  0.000000  0.000000
eqs          0.000000  0.000000  0.000000  0.362043  0.000000  0.000000  0.000000
em           0.000000  0.000000  0.000000  0.000000  0.057456  0.000000  0.000000
epinf        0.000000  0.000000  0.000000  0.000000  0.000000  0.021170  0.000000
ew           0.000000  0.000000  0.000000  0.000000  0.000000  0.000000  0.043639

POLICY AND TRANSITION FUNCTIONS
                              labobs            robs         pinfobs              dy              dc           dinve              dw            ewma         epinfma           zcapf             rkf              kf             pkf              cf           invef              yf            labf              wf             rrf              mc            zcap              rk               k              pk               c            inve               y             lab            pinf               w               r               a               b               g              qs              ms           spinf              sw             kpf              kp
Constant                           0        2.053741        0.700000        0.398200        0.398200        0.398200        0.398200               0               0               0               0               0               0               0               0               0               0               0               0               0               0               0               0               0               0               0               0               0               0               0               0               0               0               0               0               0               0               0               0               0
yf(-1)                     -0.197744        0.154352       -0.057581       -0.288136       -0.281689       -0.366502       -0.040740               0               0               0               0               0               0               0               0               0               0               0               0       -0.046393       -0.174188       -0.064295       -0.174188       -0.778996       -0.281689       -0.366502       -0.288136       -0.197744       -0.057581       -0.040740        0.154352               0               0               0               0               0               0               0               0       -0.010580
y(-1)                       0.197744       -0.154352        0.057581       -0.711864        0.281689        0.366502        0.040740               0               0               0               0               0               0               0               0               0               0               0               0        0.046393        0.174188        0.064295        0.174188        0.778996        0.281689        0.366502        0.288136        0.197744        0.057581        0.040740       -0.154352               0               0               0               0               0               0               0               0        0.010580
r(-1)                      -0.738232        0.576238       -0.214967       -1.075690       -1.051623       -1.368253       -0.152093               0               0               0               0               0               0               0               0               0               0               0               0       -0.173198       -0.650293       -0.240032       -0.650293       -2.908206       -1.051623       -1.368253       -1.075690       -0.738232       -0.214967       -0.152093        0.576238               0               0               0               0               0               0               0               0       -0.039497
a(-1)                      -0.905382       -0.158384       -0.143480        0.281885        0.536945        0.333977        0.211205               0               0        0.402718        0.148649        0.402718        1.920205        0.972306        0.602598        0.827051       -0.714454        1.265822       -1.081110       -0.882101       -0.507027       -0.187150       -0.507027        0.231870        0.536945        0.333977        0.281885       -0.905382       -0.143480        0.211205       -0.158384        0.997700               0               0               0               0               0               0        0.017395        0.009641
b(-1)                       1.355180        0.495711        0.137837        1.943139        2.108341        1.825420        0.159338               0               0               0               0               0               0               0               0               0               0               0        3.877943        0.219092        1.106204        0.408314        1.106204        6.805892        2.108341        1.825420        1.943139        1.355180        0.137837        0.159338        0.495711               0        0.579900               0               0               0               0               0               0        0.052694
g(-1)                       0.690127        0.048898        0.019487        0.970102       -0.217058       -0.050415        0.007195               0               0        0.381225        0.140715        0.381225       -0.752137       -0.419375       -0.200489        0.782911        0.566377       -0.044436        0.452224        0.050588        0.509324        0.187998        0.509324       -0.081427       -0.217058       -0.050415        0.970102        0.690127        0.019487        0.007195        0.048898               0               0        0.995700               0               0               0               0       -0.005788       -0.001455
qs(-1)                      0.406814        0.062436        0.061484        0.583688       -0.034752        2.906871        0.049251               0               0        0.181396        0.066956        0.181396       -1.347530       -0.199548        2.523119        0.372527        0.269495       -0.021144       -0.239894        0.066940        0.333110        0.122955        0.333110       -1.032360       -0.034752        2.906871        0.583688        0.406814        0.061484        0.049251        0.062436               0               0               0        0.716500               0               0               0        0.198225        0.209303
kpf(-1)                    -0.000462        0.020208        0.001683       -0.000445       -0.002016        0.004360        0.000772               0               0       -0.770646       -0.284455        0.229354        0.282918        0.136062        0.084836       -0.082653       -0.144930        0.089828       -0.170529        0.000607        0.000226        0.000083        0.000226       -0.012585       -0.002016        0.004360       -0.000445       -0.000462        0.001683        0.000772        0.020208               0               0               0               0               0               0               0        0.973582        0.000126
kp(-1)                     -0.197671       -0.047572       -0.023262       -0.178841        0.046263        0.003265        0.005421               0               0               0               0               0               0               0               0               0               0               0               0       -0.073024       -0.870820       -0.321431        0.129180       -0.004505        0.046263        0.003265       -0.178841       -0.197671       -0.023262        0.005421       -0.047572               0               0               0               0               0               0               0               0        0.971227
cf(-1)                      0.008850       -0.070537       -0.002208        0.012234        0.017034       -0.000456       -0.000691               0               0        0.147044        0.054276        0.147044       -0.862353        0.471818       -0.192522        0.301980        0.218460       -0.017140        0.537375        0.000003        0.005959        0.002200        0.005959        0.067828        0.017034       -0.000456        0.012234        0.008850       -0.002208       -0.000691       -0.070537               0               0               0               0               0               0               0       -0.005558       -0.000013
invef(-1)                   0.007424       -0.025740       -0.000435        0.010527        0.011967        0.008311        0.000426               0               0        0.056748        0.020946        0.056748       -0.362249       -0.062427        0.789335        0.116542        0.084309       -0.006615        0.145406        0.000831        0.005733        0.002116        0.005733        0.041938        0.011967        0.008311        0.010527        0.007424       -0.000435        0.000426       -0.025740               0               0               0               0               0               0               0        0.022786        0.000240
c(-1)                       0.344295        0.119805        0.011647        0.486115       -0.325129       -0.041922        0.011747               0               0               0               0               0               0               0               0               0               0               0               0        0.031965        0.260052        0.095989        0.260052       -0.190579        0.674871       -0.041922        0.486115        0.344295        0.011647        0.011747        0.119805               0               0               0               0               0               0               0               0       -0.001210
inve(-1)                    0.128663        0.045418        0.007086        0.182252        0.005800       -0.144285        0.006637               0               0               0               0               0               0               0               0               0               0               0               0        0.013798        0.098823        0.036477        0.098823       -0.150900        0.005800        0.855715        0.182252        0.128663        0.007086        0.006637        0.045418               0               0               0               0               0               0               0               0        0.024702
pinf(-1)                   -0.057450        0.048092        0.409793       -0.113196       -0.078634       -0.172117       -0.123970               0               0               0               0               0               0               0               0               0               0               0               0       -0.105956       -0.132509       -0.048911       -0.132509       -0.180529       -0.078634       -0.172117       -0.113196       -0.057450        0.409793       -0.123970        0.048092               0               0               0               0               0               0               0               0       -0.004969
w(-1)                      -0.074244        0.044633        0.100070        0.108242       -0.018072       -0.048610       -0.192215               0               0               0               0               0               0               0               0               0               0               0               0        0.661380        0.535779        0.197763        0.535779        0.126449       -0.018072       -0.048610        0.108242       -0.074244        0.100070        0.807785        0.044633               0               0               0               0               0               0               0               0       -0.001403
ea                         -0.553984       -0.133703       -0.133829        0.779423        0.427006        0.308924        0.215377               0               0        0.598911        0.221066        0.598911        1.539385        0.759742        0.501296        1.229966       -0.426002        1.245979       -0.851972       -0.858223       -0.247319       -0.091289       -0.247319        0.190697        0.427006        0.308924        0.779423       -0.553984       -0.133829        0.215377       -0.133703        1.000000               0        0.510000               0               0               0               0        0.014471        0.008918
eb                          2.336920        0.854822        0.237690        3.350817        3.635698        3.147819        0.274768               0               0               0               0               0               0               0               0               0               0               0        6.687261        0.377810        1.907577        0.704111        1.907577       11.736321        3.635698        3.147819        3.350817        2.336920        0.237690        0.274768        0.854822               0        1.000000               0               0               0               0               0               0        0.090868
eg                          0.693107        0.049109        0.019571        0.974291       -0.217995       -0.050632        0.007226               0               0        0.382872        0.141323        0.382872       -0.755386       -0.421186       -0.201355        0.786292        0.568823       -0.044628        0.454177        0.050806        0.511524        0.188810        0.511524       -0.081779       -0.217995       -0.050632        0.974291        0.693107        0.019571        0.007226        0.049109               0               0        1.000000               0               0               0               0       -0.005813       -0.001462
eqs                         0.567780        0.087140        0.085812        0.814638       -0.048502        4.057042        0.068739               0               0        0.253169        0.093448        0.253169       -1.880712       -0.278504        3.521450        0.519926        0.376127       -0.029510       -0.334814        0.093427        0.464913        0.171605        0.464913       -1.440837       -0.048502        4.057042        0.814638        0.567780        0.085812        0.068739        0.087140               0               0               0        1.000000               0               0               0        0.276657        0.292118
em                         -0.842538        0.657656       -0.245340       -1.227677       -1.200209       -1.561576       -0.173582               0               0               0               0               0               0               0               0               0               0               0               0       -0.197670       -0.742174       -0.273946       -0.742174       -3.319113       -1.200209       -1.561576       -1.227677       -0.842538       -0.245340       -0.173582        0.657656               0               0               0               0        1.000000               0               0               0       -0.045078
epinf                      -0.104066        0.104829        1.176670       -0.462444       -0.226929       -0.487560       -1.203470               0        1.000000               0               0               0               0               0               0               0               0               0               0       -0.999240       -0.955025       -0.352512       -0.955025       -0.690821       -0.226929       -0.487560       -0.462444       -0.104066        1.176670       -1.203470        0.104829               0               0               0               0               0        1.000000               0               0       -0.014074
ew                         -0.147795        0.088850        0.199206        0.215474       -0.035976       -0.096765        1.608029        1.000000               0               0               0               0               0               0               0               0               0               0               0        1.316585        1.066555        0.393679        1.066555        0.251717       -0.035976       -0.096765        0.215474       -0.147795        0.199206        1.608029        0.088850               0               0               0               0               0               0        1.000000               0       -0.002793


MOMENTS OF SIMULATED VARIABLES
VARIABLE              MEAN       STD. DEV.        VARIANCE        SKEWNESS        KURTOSIS
labobs            2.343781       12.953863      167.802569        0.039201       -0.171463
robs              2.594249        4.222761       17.831710        0.007040        0.001834
pinfobs           0.958633        1.766819        3.121648        0.034746       -0.062662
dy                0.387568        7.112697       50.590459       -0.056437       -0.233021
dc                0.391217        7.587585       57.571442       -0.038953       -0.255353
dinve             0.388658        7.479130       55.937381       -0.026784       -0.106985
dw                0.396609        0.777309        0.604209       -0.030005       -0.047355
ewma              0.003400        0.205050        0.042046        0.125245        0.137044
epinfma          -0.000568        0.146517        0.021467       -0.043009        0.018657
zcapf             1.999057        4.314840       18.617846        0.308477       -0.303896
rkf               0.737878        1.592663        2.536575        0.308477       -0.303896
kf                1.960129        5.026599       25.266699       -0.444144       -0.934853
pkf               0.190917        3.012586        9.075672       -0.042236        0.659423
cf               -0.207411        7.350666       54.032285       -0.238280       -1.067157
invef             0.420249        9.713516       94.352386       -0.016983        0.165612
yf                4.047010        8.674717       75.250723       -0.082045       -1.162047
labf              0.984228        2.546974        6.487076        0.391764       -0.735444
wf                1.713779        5.323367       28.338235       -0.458160       -0.641435
rrf               1.333952       15.633596      244.409311       -0.057517        0.039504
mc                0.464266        2.962271        8.775050       -0.063413        0.143313
zcap             -0.392728       12.429142      154.483575       -0.024379       -0.307017
rk               -0.144961        4.587756       21.047502       -0.024379       -0.307017
k                 5.092188       12.074250      145.787523        0.200585        0.164120
pk                1.733549       25.682721      659.602155       -0.090382       -0.008523
c                 3.503794       18.519613      342.976049        0.074532        0.768048
inve              5.282556       25.958541      673.845873        0.251139        0.066487
y                 6.724442       19.497963      380.170573        0.218715        0.017575
lab               2.343781       12.953863      167.802569        0.039201       -0.171463
pinf              0.258633        1.766819        3.121648        0.034746       -0.062662
w                 2.603446        5.288566       27.968932       -0.020692       -0.544390
r                 0.540508        4.222761       17.831710        0.007040        0.001834
a                 1.479562        4.180852       17.479527       -0.353945       -0.698420
b                 0.198567        2.335739        5.455675       -0.060953        0.053457
g                 3.623748        7.167242       51.369359        0.519329       -1.000672
qs               -0.031548        0.794684        0.631522        0.126073        0.084559
ms               -0.000260        0.244370        0.059716        0.063349        0.068885
spinf            -0.000568        0.146517        0.021467       -0.043009        0.018657
sw                0.003400        0.205050        0.042046        0.125245        0.137044
kpf              -0.031194        5.350354       28.626283       -0.410963       -0.550476
kp                5.473553        9.858257       97.185222       -0.027286       -0.344238


CORRELATION OF SIMULATED VARIABLES
VARIABLE     labobs     robs  pinfobs       dy       dc    dinve       dw     ewma  epinfma    zcapf      rkf       kf      pkf       cf    invef       yf     labf       wf      rrf       mc     zcap       rk        k       pk        c     inve        y      lab     pinf        w        r        a        b        g       qs       ms    spinf       sw      kpf       kp
labobs       1.0000   0.9747   0.9538   0.2066   0.1745   0.3576   0.3874  -0.0534  -0.0404   0.1144   0.1144  -0.0296  -0.1965  -0.2779   0.0310   0.0058   0.2914  -0.1332   0.7212   0.9160   0.7882   0.7882   0.9205   0.5842   0.8832   0.8601   0.9245   1.0000   0.9538   0.3360   0.9747  -0.1184   0.7170   0.1650   0.1764  -0.1003  -0.0404  -0.0534  -0.1104   0.1977
robs         0.9747   1.0000   0.9329   0.2605   0.2308   0.4074   0.4347  -0.0453  -0.0486  -0.0147  -0.0147  -0.0893  -0.1701  -0.1572   0.0394  -0.0817   0.1041  -0.1386   0.7785   0.9117   0.7947   0.7947   0.8810   0.6429   0.9364   0.8399   0.8911   0.9747   0.9329   0.3133   1.0000  -0.1354   0.7753  -0.0034   0.1508  -0.0415  -0.0486  -0.0453  -0.0640   0.1408
pinfobs      0.9538   0.9329   1.0000   0.0518   0.0270   0.2066   0.2005  -0.0300   0.0653  -0.0126  -0.0126  -0.0762  -0.2437  -0.2128   0.0811  -0.0697   0.1718  -0.1579   0.5936   0.9664   0.7156   0.7156   0.9073   0.4418   0.8768   0.9124   0.8752   0.9538   1.0000   0.3560   0.9329  -0.1540   0.5881   0.0371   0.2009  -0.1172   0.0653  -0.0300  -0.0501   0.2752
dy           0.2066   0.2605   0.0518   1.0000   0.9896   0.9186   0.7713   0.0018  -0.0222   0.0372   0.0372  -0.0046   0.0256   0.0063  -0.0488   0.0062   0.0065   0.0037   0.7995   0.0339   0.2424   0.2424   0.1146   0.8869   0.2328   0.0092   0.1843   0.2066   0.0518  -0.0342   0.2605   0.0069   0.8026   0.0100   0.0394  -0.0253  -0.0222   0.0018  -0.0348  -0.1592
dc           0.1745   0.2308   0.0270   0.9896   1.0000   0.8796   0.7447  -0.0072  -0.0171   0.0143   0.0143  -0.0011   0.0514   0.0127  -0.0428   0.0030  -0.0110   0.0085   0.7847   0.0135   0.2049   0.2049   0.0935   0.8780   0.2056  -0.0062   0.1560   0.1745   0.0270  -0.0363   0.2308   0.0095   0.7870   0.0037  -0.0281  -0.0185  -0.0171  -0.0072  -0.0152  -0.1405
dinve        0.3576   0.4074   0.2066   0.9186   0.8796   1.0000   0.7761  -0.0152  -0.0353   0.1079   0.1079  -0.0147  -0.0989  -0.0019   0.0073   0.0169   0.0389  -0.0002   0.8201   0.1783   0.4219   0.4219   0.2347   0.8694   0.3711   0.1449   0.3263   0.3576   0.2066   0.0259   0.4074   0.0097   0.8286   0.0043   0.3255  -0.0426  -0.0353  -0.0152  -0.0890  -0.2218
dw           0.3874   0.4347   0.2005   0.7713   0.7447   0.7761   1.0000   0.4091  -0.2366   0.1041   0.1041   0.0230   0.0328   0.0056   0.0009   0.0486   0.0220   0.0423   0.7534   0.1927   0.4332   0.4332   0.2842   0.7881   0.4108   0.1770   0.3730   0.3874   0.2005   0.0758   0.4347   0.0505   0.7605   0.0399   0.0668  -0.0562  -0.2366   0.4091  -0.0587  -0.1780
ewma        -0.0534  -0.0453  -0.0300   0.0018  -0.0072  -0.0152   0.4091   1.0000   0.0464  -0.0383  -0.0383   0.0437  -0.0214   0.0318   0.0525   0.0275  -0.0129   0.0360  -0.0344   0.0322  -0.0425  -0.0425  -0.0114  -0.0282  -0.0349  -0.0294  -0.0329  -0.0534  -0.0300   0.0680  -0.0453   0.0313  -0.0346   0.0051   0.0093  -0.0223   0.0464   1.0000   0.0729   0.0364
epinfma     -0.0404  -0.0486   0.0653  -0.0222  -0.0171  -0.0353  -0.2366   0.0464   1.0000  -0.0127  -0.0127  -0.0350   0.0207  -0.0544  -0.0441  -0.0339   0.0248  -0.0487  -0.0420  -0.0796  -0.0647  -0.0647  -0.0587  -0.0356  -0.0662  -0.0491  -0.0592  -0.0404   0.0653  -0.0912  -0.0486  -0.0483  -0.0413   0.0073  -0.0175  -0.0298   1.0000   0.0464  -0.0247   0.0054
zcapf        0.1144  -0.0147  -0.0126   0.0372   0.0143   0.1079   0.1041  -0.0383  -0.0127   1.0000   1.0000   0.3523   0.1324  -0.2230  -0.1148   0.5816   0.6684   0.3121  -0.0089  -0.1007   0.3200   0.3200   0.1095   0.0200  -0.1014  -0.0811   0.2376   0.1144  -0.0126   0.2474  -0.0147   0.3934  -0.0028   0.7338   0.0583  -0.0073  -0.0127  -0.0383  -0.4662  -0.2669
rkf          0.1144  -0.0147  -0.0126   0.0372   0.0143   0.1079   0.1041  -0.0383  -0.0127   1.0000   1.0000   0.3523   0.1324  -0.2230  -0.1148   0.5816   0.6684   0.3121  -0.0089  -0.1007   0.3200   0.3200   0.1095   0.0200  -0.1014  -0.0811   0.2376   0.1144  -0.0126   0.2474  -0.0147   0.3934  -0.0028   0.7338   0.0583  -0.0073  -0.0127  -0.0383  -0.4662  -0.2669
kf          -0.0296  -0.0893  -0.0762  -0.0046  -0.0011  -0.0147   0.0230   0.0437  -0.0350   0.3523   0.3523   1.0000   0.0096   0.5059   0.4852   0.9662   0.2410   0.9344  -0.0723  -0.1027   0.2081   0.2081   0.2576  -0.0507   0.0699   0.0678   0.3362  -0.0296  -0.0762   0.8413  -0.0893   0.9364  -0.0729   0.6680  -0.0126  -0.0274  -0.0350   0.0437   0.6615   0.0566
pkf         -0.1965  -0.1701  -0.2437   0.0256   0.0514  -0.0989   0.0328  -0.0214   0.0207   0.1324   0.1324   0.0096   1.0000   0.2023  -0.7470   0.0448  -0.2091   0.1487  -0.0352  -0.2705  -0.0797  -0.0797  -0.1872   0.0902  -0.0666  -0.4950  -0.1404  -0.1965  -0.2437  -0.0153  -0.1701   0.1560  -0.0113   0.0857  -0.7735   0.0054   0.0207  -0.0214  -0.1542  -0.1735
cf          -0.2779  -0.1572  -0.2128   0.0063   0.0127  -0.0019   0.0056   0.0318  -0.0544  -0.2230  -0.2230   0.5059   0.2023   1.0000   0.3422   0.3783  -0.6939   0.7430  -0.0833  -0.1831   0.1058   0.1058  -0.0919  -0.0352   0.1626  -0.1226  -0.0063  -0.2779  -0.2128   0.5627  -0.1572   0.6986  -0.0770  -0.2493  -0.1398   0.0353  -0.0544   0.0318   0.6505  -0.2501
invef        0.0310   0.0394   0.0811  -0.0488  -0.0428   0.0073   0.0009   0.0525  -0.0441  -0.1148  -0.1148   0.4852  -0.7470   0.3422   1.0000   0.3901  -0.0417   0.4437  -0.0539   0.0802   0.1308   0.1308   0.1847  -0.1350   0.1154   0.4246   0.1994   0.0310   0.0811   0.4590   0.0394   0.4189  -0.0680   0.0192   0.5410  -0.0055  -0.0441   0.0525   0.5990   0.0994
yf           0.0058  -0.0817  -0.0697   0.0062   0.0030   0.0169   0.0486   0.0275  -0.0339   0.5816   0.5816   0.9662   0.0448   0.3783   0.3901   1.0000   0.3936   0.8981  -0.0653  -0.1170   0.2690   0.2690   0.2541  -0.0386   0.0328   0.0366   0.3576   0.0058  -0.0697   0.7994  -0.0817   0.9222  -0.0641   0.7827   0.0051  -0.0258  -0.0339   0.0275   0.4466  -0.0243
labf         0.2914   0.1041   0.1718   0.0065  -0.0110   0.0389   0.0220  -0.0129   0.0248   0.6684   0.6684   0.2410  -0.2091  -0.6939  -0.0417   0.3936   1.0000  -0.0509   0.0437   0.1176   0.1191   0.1191   0.2964   0.0119  -0.1246   0.1555   0.2906   0.2914   0.1718   0.0664   0.1041   0.0118   0.0356   0.8448   0.1821  -0.0522   0.0248  -0.0129  -0.3010   0.2211
wf          -0.1332  -0.1386  -0.1579   0.0037   0.0085  -0.0002   0.0423   0.0360  -0.0487   0.3121   0.3121   0.9344   0.1487   0.7430   0.4437   0.8981  -0.0509   1.0000  -0.0918  -0.1833   0.2353   0.2353   0.1342  -0.0476   0.0953  -0.0346   0.2495  -0.1332  -0.1579   0.8367  -0.1386   0.9962  -0.0867   0.4461  -0.0816  -0.0031  -0.0487   0.0360   0.6292  -0.1322
rrf          0.7212   0.7785   0.5936   0.7995   0.7847   0.8201   0.7534  -0.0344  -0.0420  -0.0089  -0.0089  -0.0723  -0.0352  -0.0833  -0.0539  -0.0653   0.0437  -0.0918   1.0000   0.5776   0.6294   0.6294   0.6047   0.9774   0.7260   0.4932   0.6522   0.7212   0.5936   0.1600   0.7785  -0.0897   0.9991  -0.0099   0.0364  -0.0364  -0.0420  -0.0344  -0.0609  -0.0134
mc           0.9160   0.9117   0.9664   0.0339   0.0135   0.1783   0.1927   0.0322  -0.0796  -0.1007  -0.1007  -0.1027  -0.2705  -0.1831   0.0802  -0.1170   0.1176  -0.1833   0.5776   1.0000   0.6628   0.6628   0.8891   0.4226   0.8647   0.8944   0.8319   0.9160   0.9664   0.3613   0.9117  -0.1866   0.5683  -0.0267   0.1814  -0.1008  -0.0796   0.0322  -0.0059   0.3165
zcap         0.7882   0.7947   0.7156   0.2424   0.2049   0.4219   0.4332  -0.0425  -0.0647   0.3200   0.3200   0.2081  -0.0797   0.1058   0.1308   0.2690   0.1191   0.2353   0.6294   0.6628   1.0000   1.0000   0.6767   0.5420   0.7717   0.5962   0.8305   0.7882   0.7156   0.4818   0.7947   0.2569   0.6295   0.1780   0.1479  -0.0713  -0.0647  -0.0425  -0.0500  -0.3721
rk           0.7882   0.7947   0.7156   0.2424   0.2049   0.4219   0.4332  -0.0425  -0.0647   0.3200   0.3200   0.2081  -0.0797   0.1058   0.1308   0.2690   0.1191   0.2353   0.6294   0.6628   1.0000   1.0000   0.6767   0.5420   0.7717   0.5962   0.8305   0.7882   0.7156   0.4818   0.7947   0.2569   0.6295   0.1780   0.1479  -0.0713  -0.0647  -0.0425  -0.0500  -0.3721
k            0.9205   0.8810   0.9073   0.1146   0.0935   0.2347   0.2842  -0.0114  -0.0587   0.1095   0.1095   0.2576  -0.1872  -0.0919   0.1847   0.2541   0.2964   0.1342   0.6047   0.8891   0.6767   0.6767   1.0000   0.4721   0.8786   0.8948   0.9651   0.9205   0.9073   0.6154   0.8810   0.1399   0.5996   0.3066   0.1403  -0.1061  -0.0587  -0.0114   0.1626   0.4309
pk           0.5842   0.6429   0.4418   0.8869   0.8780   0.8694   0.7881  -0.0282  -0.0356   0.0200   0.0200  -0.0507   0.0902  -0.0352  -0.1350  -0.0386   0.0119  -0.0476   0.9774   0.4226   0.5420   0.5420   0.4721   1.0000   0.6101   0.3231   0.5335   0.5842   0.4418   0.1170   0.6429  -0.0442   0.9800   0.0066  -0.0473  -0.0524  -0.0356  -0.0282  -0.0703  -0.0782
c            0.8832   0.9364   0.8768   0.2328   0.2056   0.3711   0.4108  -0.0349  -0.0662  -0.1014  -0.1014   0.0699  -0.0666   0.1626   0.1154   0.0328  -0.1246   0.0953   0.7260   0.8647   0.7717   0.7717   0.8786   0.6101   1.0000   0.8135   0.8914   0.8832   0.8768   0.5122   0.9364   0.0829   0.7260  -0.0805   0.0770  -0.0817  -0.0662  -0.0349   0.1513   0.1631
inve         0.8601   0.8399   0.9124   0.0092  -0.0062   0.1449   0.1770  -0.0294  -0.0491  -0.0811  -0.0811   0.0678  -0.4950  -0.1226   0.4246   0.0366   0.1555  -0.0346   0.4932   0.8944   0.5962   0.5962   0.8948   0.3231   0.8135   1.0000   0.8378   0.8601   0.9124   0.4533   0.8399  -0.0409   0.4831   0.0323   0.3642  -0.0879  -0.0491  -0.0294   0.1571   0.4155
y            0.9245   0.8911   0.8752   0.1843   0.1560   0.3263   0.3730  -0.0329  -0.0592   0.2376   0.2376   0.3362  -0.1404  -0.0063   0.1994   0.3576   0.2906   0.2495   0.6522   0.8319   0.8305   0.8305   0.9651   0.5335   0.8914   0.8378   1.0000   0.9245   0.8752   0.6594   0.8911   0.2631   0.6497   0.3537   0.1412  -0.1008  -0.0592  -0.0329   0.1348   0.1968
lab          1.0000   0.9747   0.9538   0.2066   0.1745   0.3576   0.3874  -0.0534  -0.0404   0.1144   0.1144  -0.0296  -0.1965  -0.2779   0.0310   0.0058   0.2914  -0.1332   0.7212   0.9160   0.7882   0.7882   0.9205   0.5842   0.8832   0.8601   0.9245   1.0000   0.9538   0.3360   0.9747  -0.1184   0.7170   0.1650   0.1764  -0.1003  -0.0404  -0.0534  -0.1104   0.1977
pinf         0.9538   0.9329   1.0000   0.0518   0.0270   0.2066   0.2005  -0.0300   0.0653  -0.0126  -0.0126  -0.0762  -0.2437  -0.2128   0.0811  -0.0697   0.1718  -0.1579   0.5936   0.9664   0.7156   0.7156   0.9073   0.4418   0.8768   0.9124   0.8752   0.9538   1.0000   0.3560   0.9329  -0.1540   0.5881   0.0371   0.2009  -0.1172   0.0653  -0.0300  -0.0501   0.2752
w            0.3360   0.3133   0.3560  -0.0342  -0.0363   0.0259   0.0758   0.0680  -0.0912   0.2474   0.2474   0.8413  -0.0153   0.5627   0.4590   0.7994   0.0664   0.8367   0.1600   0.3613   0.4818   0.4818   0.6154   0.1170   0.5122   0.4533   0.6594   0.3360   0.3560   1.0000   0.3133   0.8323   0.1588   0.4504   0.0166  -0.0585  -0.0912   0.0680   0.5983   0.1767
r            0.9747   1.0000   0.9329   0.2605   0.2308   0.4074   0.4347  -0.0453  -0.0486  -0.0147  -0.0147  -0.0893  -0.1701  -0.1572   0.0394  -0.0817   0.1041  -0.1386   0.7785   0.9117   0.7947   0.7947   0.8810   0.6429   0.9364   0.8399   0.8911   0.9747   0.9329   0.3133   1.0000  -0.1354   0.7753  -0.0034   0.1508  -0.0415  -0.0486  -0.0453  -0.0640   0.1408
a           -0.1184  -0.1354  -0.1540   0.0069   0.0095   0.0097   0.0505   0.0313  -0.0483   0.3934   0.3934   0.9364   0.1560   0.6986   0.4189   0.9222   0.0118   0.9962  -0.0897  -0.1866   0.2569   0.2569   0.1399  -0.0442   0.0829  -0.0409   0.2631  -0.1184  -0.1540   0.8323  -0.1354   1.0000  -0.0842   0.4988  -0.0736  -0.0036  -0.0483   0.0313   0.5662  -0.1523
b            0.7170   0.7753   0.5881   0.8026   0.7870   0.8286   0.7605  -0.0346  -0.0413  -0.0028  -0.0028  -0.0729  -0.0113  -0.0770  -0.0680  -0.0641   0.0356  -0.0867   0.9991   0.5683   0.6295   0.6295   0.5996   0.9800   0.7260   0.4831   0.6497   0.7170   0.5881   0.1588   0.7753  -0.0842   1.0000  -0.0101   0.0381  -0.0364  -0.0413  -0.0346  -0.0669  -0.0203
g            0.1650  -0.0034   0.0371   0.0100   0.0037   0.0043   0.0399   0.0051   0.0073   0.7338   0.7338   0.6680   0.0857  -0.2493   0.0192   0.7827   0.8448   0.4461  -0.0099  -0.0267   0.1780   0.1780   0.3066   0.0066  -0.0805   0.0323   0.3537   0.1650   0.0371   0.4504  -0.0034   0.4988  -0.0101   1.0000  -0.0432  -0.0520   0.0073   0.0051   0.0346   0.1486
qs           0.1764   0.1508   0.2009   0.0394  -0.0281   0.3255   0.0668   0.0093  -0.0175   0.0583   0.0583  -0.0126  -0.7735  -0.1398   0.5410   0.0051   0.1821  -0.0816   0.0364   0.1814   0.1479   0.1479   0.1403  -0.0473   0.0770   0.3642   0.1412   0.1764   0.2009   0.0166   0.1508  -0.0736   0.0381  -0.0432   1.0000   0.0004  -0.0175   0.0093  -0.0028   0.0276
ms          -0.1003  -0.0415  -0.1172  -0.0253  -0.0185  -0.0426  -0.0562  -0.0223  -0.0298  -0.0073  -0.0073  -0.0274   0.0054   0.0353  -0.0055  -0.0258  -0.0522  -0.0031  -0.0364  -0.1008  -0.0713  -0.0713  -0.1061  -0.0524  -0.0817  -0.0879  -0.1008  -0.1003  -0.1172  -0.0585  -0.0415  -0.0036  -0.0364  -0.0520   0.0004   1.0000  -0.0298  -0.0223  -0.0196  -0.0455
spinf       -0.0404  -0.0486   0.0653  -0.0222  -0.0171  -0.0353  -0.2366   0.0464   1.0000  -0.0127  -0.0127  -0.0350   0.0207  -0.0544  -0.0441  -0.0339   0.0248  -0.0487  -0.0420  -0.0796  -0.0647  -0.0647  -0.0587  -0.0356  -0.0662  -0.0491  -0.0592  -0.0404   0.0653  -0.0912  -0.0486  -0.0483  -0.0413   0.0073  -0.0175  -0.0298   1.0000   0.0464  -0.0247   0.0054
