Starting Dynare (version 5.3).
Calling Dynare with arguments: none
Starting preprocessing of the model file ...
WARNING: in the 'steady_state_model' block, variable 'ewma' is not assigned a value
WARNING: in the 'steady_state_model' block, variable 'epinfma' is not assigned a value
WARNING: in the 'steady_state_model' block, variable 'zcapf' is not assigned a value
WARNING: in the 'steady_state_model' block, variable 'rkf' is not assigned a value
WARNING: in the 'steady_state_model' block, variable 'kf' is not assigned a value
WARNING: in the 'steady_state_model' block, variable 'pkf' is not assigned a value
WARNING: in the 'steady_state_model' block, variable 'cf' is not assigned a value
WARNING: in the 'steady_state_model' block, variable 'invef' is not assigned a value
WARNING: in the 'steady_state_model' block, variable 'yf' is not assigned a value
WARNING: in the 'steady_state_model' block, variable 'labf' is not assigned a value
WARNING: in the 'steady_state_model' block, variable 'wf' is not assigned a value
WARNING: in the 'steady_state_model' block, variable 'rrf' is not assigned a value
WARNING: in the 'steady_state_model' block, variable 'mc' is not assigned a value
WARNING: in the 'steady_state_model' block, variable 'zcap' is not assigned a value
WARNING: in the 'steady_state_model' block, variable 'rk' is not assigned a value
WARNING: in the 'steady_state_model' block, variable 'k' is not assigned a value
WARNING: in the 'steady_state_model' block, variable 'pk' is not assigned a value
WARNING: in the 'steady_state_model' block, variable 'c' is not assigned a value
WARNING: in the 'steady_state_model' block, variable 'inve' is not assigned a value
WARNING: in the 'steady_state_model' block, variable 'y' is not assigned a value
WARNING: in the 'steady_state_model' block, variable 'lab' is not assigned a value
WARNING: in the 'steady_state_model' block, variable 'pinf' is not assigned a value
WARNING: in the 'steady_state_model' block, variable 'w' is not assigned a value
WARNING: in the 'steady_state_model' block, variable 'r' is not assigned a value
WARNING: in the 'steady_state_model' block, variable 'a' is not assigned a value
WARNING: in the 'steady_state_model' block, variable 'b' is not assigned a value
WARNING: in the 'steady_state_model' block, variable 'g' is not assigned a value
WARNING: in the 'steady_state_model' block, variable 'qs' is not assigned a value
WARNING: in the 'steady_state_model' block, variable 'ms' is not assigned a value
WARNING: in the 'steady_state_model' block, variable 'spinf' is not assigned a value
WARNING: in the 'steady_state_model' block, variable 'sw' is not assigned a value
WARNING: in the 'steady_state_model' block, variable 'kpf' is not assigned a value
WARNING: in the 'steady_state_model' block, variable 'kp' is not assigned a value
Found 40 equation(s).
Evaluating expressions...done
Computing static model derivatives (order 1).
Computing dynamic model derivatives (order 2).
Processing outputs ...
done
Preprocessing completed.


EIGENVALUES:
         Modulus             Real        Imaginary

               0                0                0
               0                0                0
               0                0                0
               0                0                0
               0                0                0
       1.358e-17       -1.358e-17                0
       1.963e-17        1.963e-17                0
          0.4359           0.4359                0
          0.4788           0.4788                0
          0.5799           0.5799                0
          0.6238           0.6238                0
          0.7165           0.7165                0
          0.8221           0.8221                0
          0.8263           0.8256          0.03532
          0.8263           0.8256         -0.03532
          0.8543           0.8543                0
          0.9757           0.9757                0
          0.9768           0.9768                0
          0.9957           0.9957                0
          0.9977           0.9977                0
           1.035            1.035          0.01217
           1.035            1.035         -0.01217
            1.04             1.04                0
           1.167            1.148           0.2061
           1.167            1.148          -0.2061
           1.267            1.267                0
           1.278            1.278                0
       2.611e+16        2.611e+16                0
       3.364e+16        3.364e+16                0
       3.145e+17       -3.145e+17                0
       3.396e+17        3.396e+17                0
       4.879e+18        4.879e+18                0


There are 12 eigenvalue(s) larger than 1 in modulus 
for 12 forward-looking variable(s)

The rank condition is verified.

[Warning: Some of the parameters have no value (ccs, cinvs, crdpi) when using stoch_simul. If these parameters are not initialized
in a steadystate file or a steady_state_model-block, Dynare may not be able to solve the model. Note that simul,
perfect_foresight_setup, and perfect_foresight_solver do not automatically call the steady state file.] 

MODEL SUMMARY

  Number of variables:         40
  Number of stochastic shocks: 7
  Number of state variables:   20
  Number of jumpers:           12
  Number of static variables:  14


MATRIX OF COVARIANCE OF EXOGENOUS SHOCKS
Variables          ea        eb        eg       eqs        em     epinf        ew
ea           0.213259  0.000000  0.000000  0.000000  0.000000  0.000000  0.000000
eb           0.000000  3.427312  0.000000  0.000000  0.000000  0.000000  0.000000
eg           0.000000  0.000000  0.370881  0.000000  0.000000  0.000000  0.000000
eqs          0.000000  0.000000  0.000000  0.362043  0.000000  0.000000  0.000000
em           0.000000  0.000000  0.000000  0.000000  0.057456  0.000000  0.000000
epinf        0.000000  0.000000  0.000000  0.000000  0.000000  0.021170  0.000000
ew           0.000000  0.000000  0.000000  0.000000  0.000000  0.000000  0.043639

POLICY AND TRANSITION FUNCTIONS
                              labobs            robs         pinfobs              dy              dc           dinve              dw            ewma         epinfma           zcapf             rkf              kf             pkf              cf           invef              yf            labf              wf             rrf              mc            zcap              rk               k              pk               c            inve               y             lab            pinf               w               r               a               b               g              qs              ms           spinf              sw             kpf              kp
Constant                           0        2.053741        0.700000        0.398200        0.398200        0.398200        0.398200               0               0               0               0               0               0               0               0               0               0               0               0               0               0               0               0               0               0               0               0               0               0               0               0               0               0               0               0               0               0               0               0               0
yf(-1)                     -0.197744        0.154352       -0.057581       -0.288136       -0.281689       -0.366502       -0.040740               0               0               0               0               0               0               0               0               0               0               0               0       -0.046393       -0.174188       -0.064295       -0.174188       -0.778996       -0.281689       -0.366502       -0.288136       -0.197744       -0.057581       -0.040740        0.154352               0               0               0               0               0               0               0               0       -0.010580
y(-1)                       0.197744       -0.154352        0.057581       -0.711864        0.281689        0.366502        0.040740               0               0               0               0               0               0               0               0               0               0               0               0        0.046393        0.174188        0.064295        0.174188        0.778996        0.281689        0.366502        0.288136        0.197744        0.057581        0.040740       -0.154352               0               0               0               0               0               0               0               0        0.010580
r(-1)                      -0.738232        0.576238       -0.214967       -1.075690       -1.051623       -1.368253       -0.152093               0               0               0               0               0               0               0               0               0               0               0               0       -0.173198       -0.650293       -0.240032       -0.650293       -2.908206       -1.051623       -1.368253       -1.075690       -0.738232       -0.214967       -0.152093        0.576238               0               0               0               0               0               0               0               0       -0.039497
a(-1)                      -0.905382       -0.158384       -0.143480        0.281885        0.536945        0.333977        0.211205               0               0        0.402718        0.148649        0.402718        1.920205        0.972306        0.602598        0.827051       -0.714454        1.265822       -1.081110       -0.882101       -0.507027       -0.187150       -0.507027        0.231870        0.536945        0.333977        0.281885       -0.905382       -0.143480        0.211205       -0.158384        0.997700               0               0               0               0               0               0        0.017395        0.009641
b(-1)                       1.355180        0.495711        0.137837        1.943139        2.108341        1.825420        0.159338               0               0               0               0               0               0               0               0               0               0               0        3.877943        0.219092        1.106204        0.408314        1.106204        6.805892        2.108341        1.825420        1.943139        1.355180        0.137837        0.159338        0.495711               0        0.579900               0               0               0               0               0               0        0.052694
g(-1)                       0.690127        0.048898        0.019487        0.970102       -0.217058       -0.050415        0.007195               0               0        0.381225        0.140715        0.381225       -0.752137       -0.419375       -0.200489        0.782911        0.566377       -0.044436        0.452224        0.050588        0.509324        0.187998        0.509324       -0.081427       -0.217058       -0.050415        0.970102        0.690127        0.019487        0.007195        0.048898               0               0        0.995700               0               0               0               0       -0.005788       -0.001455
qs(-1)                      0.406814        0.062436        0.061484        0.583688       -0.034752        2.906871        0.049251               0               0        0.181396        0.066956        0.181396       -1.347530       -0.199548        2.523119        0.372527        0.269495       -0.021144       -0.239894        0.066940        0.333110        0.122955        0.333110       -1.032360       -0.034752        2.906871        0.583688        0.406814        0.061484        0.049251        0.062436               0               0               0        0.716500               0               0               0        0.198225        0.209303
kpf(-1)                    -0.000462        0.020208        0.001683       -0.000445       -0.002016        0.004360        0.000772               0               0       -0.770646       -0.284455        0.229354        0.282918        0.136062        0.084836       -0.082653       -0.144930        0.089828       -0.170529        0.000607        0.000226        0.000083        0.000226       -0.012585       -0.002016        0.004360       -0.000445       -0.000462        0.001683        0.000772        0.020208               0               0               0               0               0               0               0        0.973582        0.000126
kp(-1)                     -0.197671       -0.047572       -0.023262       -0.178841        0.046263        0.003265        0.005421               0               0               0               0               0               0               0               0               0               0               0               0       -0.073024       -0.870820       -0.321431        0.129180       -0.004505        0.046263        0.003265       -0.178841       -0.197671       -0.023262        0.005421       -0.047572               0               0               0               0               0               0               0               0        0.971227
cf(-1)                      0.008850       -0.070537       -0.002208        0.012234        0.017034       -0.000456       -0.000691               0               0        0.147044        0.054276        0.147044       -0.862353        0.471818       -0.192522        0.301980        0.218460       -0.017140        0.537375        0.000003        0.005959        0.002200        0.005959        0.067828        0.017034       -0.000456        0.012234        0.008850       -0.002208       -0.000691       -0.070537               0               0               0               0               0               0               0       -0.005558       -0.000013
invef(-1)                   0.007424       -0.025740       -0.000435        0.010527        0.011967        0.008311        0.000426               0               0        0.056748        0.020946        0.056748       -0.362249       -0.062427        0.789335        0.116542        0.084309       -0.006615        0.145406        0.000831        0.005733        0.002116        0.005733        0.041938        0.011967        0.008311        0.010527        0.007424       -0.000435        0.000426       -0.025740               0               0               0               0               0               0               0        0.022786        0.000240
c(-1)                       0.344295        0.119805        0.011647        0.486115       -0.325129       -0.041922        0.011747               0               0               0               0               0               0               0               0               0               0               0               0        0.031965        0.260052        0.095989        0.260052       -0.190579        0.674871       -0.041922        0.486115        0.344295        0.011647        0.011747        0.119805               0               0               0               0               0               0               0               0       -0.001210
inve(-1)                    0.128663        0.045418        0.007086        0.182252        0.005800       -0.144285        0.006637               0               0               0               0               0               0               0               0               0               0               0               0        0.013798        0.098823        0.036477        0.098823       -0.150900        0.005800        0.855715        0.182252        0.128663        0.007086        0.006637        0.045418               0               0               0               0               0               0               0               0        0.024702
pinf(-1)                   -0.057450        0.048092        0.409793       -0.113196       -0.078634       -0.172117       -0.123970               0               0               0               0               0               0               0               0               0               0               0               0       -0.105956       -0.132509       -0.048911       -0.132509       -0.180529       -0.078634       -0.172117       -0.113196       -0.057450        0.409793       -0.123970        0.048092               0               0               0               0               0               0               0               0       -0.004969
w(-1)                      -0.074244        0.044633        0.100070        0.108242       -0.018072       -0.048610       -0.192215               0               0               0               0               0               0               0               0               0               0               0               0        0.661380        0.535779        0.197763        0.535779        0.126449       -0.018072       -0.048610        0.108242       -0.074244        0.100070        0.807785        0.044633               0               0               0               0               0               0               0               0       -0.001403
ea                         -0.553984       -0.133703       -0.133829        0.779423        0.427006        0.308924        0.215377               0               0        0.598911        0.221066        0.598911        1.539385        0.759742        0.501296        1.229966       -0.426002        1.245979       -0.851972       -0.858223       -0.247319       -0.091289       -0.247319        0.190697        0.427006        0.308924        0.779423       -0.553984       -0.133829        0.215377       -0.133703        1.000000               0        0.510000               0               0               0               0        0.014471        0.008918
eb                          2.336920        0.854822        0.237690        3.350817        3.635698        3.147819        0.274768               0               0               0               0               0               0               0               0               0               0               0        6.687261        0.377810        1.907577        0.704111        1.907577       11.736321        3.635698        3.147819        3.350817        2.336920        0.237690        0.274768        0.854822               0        1.000000               0               0               0               0               0               0        0.090868
eg                          0.693107        0.049109        0.019571        0.974291       -0.217995       -0.050632        0.007226               0               0        0.382872        0.141323        0.382872       -0.755386       -0.421186       -0.201355        0.786292        0.568823       -0.044628        0.454177        0.050806        0.511524        0.188810        0.511524       -0.081779       -0.217995       -0.050632        0.974291        0.693107        0.019571        0.007226        0.049109               0               0        1.000000               0               0               0               0       -0.005813       -0.001462
eqs                         0.567780        0.087140        0.085812        0.814638       -0.048502        4.057042        0.068739               0               0        0.253169        0.093448        0.253169       -1.880712       -0.278504        3.521450        0.519926        0.376127       -0.029510       -0.334814        0.093427        0.464913        0.171605        0.464913       -1.440837       -0.048502        4.057042        0.814638        0.567780        0.085812        0.068739        0.087140               0               0               0        1.000000               0               0               0        0.276657        0.292118
em                         -0.842538        0.657656       -0.245340       -1.227677       -1.200209       -1.561576       -0.173582               0               0               0               0               0               0               0               0               0               0               0               0       -0.197670       -0.742174       -0.273946       -0.742174       -3.319113       -1.200209       -1.561576       -1.227677       -0.842538       -0.245340       -0.173582        0.657656               0               0               0               0        1.000000               0               0               0       -0.045078
epinf                      -0.104066        0.104829        1.176670       -0.462444       -0.226929       -0.487560       -1.203470               0        1.000000               0               0               0               0               0               0               0               0               0               0       -0.999240       -0.955025       -0.352512       -0.955025       -0.690821       -0.226929       -0.487560       -0.462444       -0.104066        1.176670       -1.203470        0.104829               0               0               0               0               0        1.000000               0               0       -0.014074
ew                         -0.147795        0.088850        0.199206        0.215474       -0.035976       -0.096765        1.608029        1.000000               0               0               0               0               0               0               0               0               0               0               0        1.316585        1.066555        0.393679        1.066555        0.251717       -0.035976       -0.096765        0.215474       -0.147795        0.199206        1.608029        0.088850               0               0               0               0               0               0        1.000000               0       -0.002793


MOMENTS OF SIMULATED VARIABLES
VARIABLE              MEAN       STD. DEV.        VARIANCE        SKEWNESS        KURTOSIS
labobs            0.412344       12.640023      159.770171       -0.060332        0.036285
robs              2.019552        4.152967       17.247135       -0.071861        0.018363
pinfobs           0.701913        1.732015        2.999874       -0.081934        0.034950
dy                0.395055        6.911708       47.771705       -0.009521        0.048053
dc                0.395995        7.384453       54.530140       -0.001732        0.029054
dinve             0.394879        7.264402       52.771542       -0.014260        0.066980
dw                0.397690        0.770117        0.593080       -0.016439       -0.049824
ewma             -0.001268        0.206612        0.042689       -0.002100       -0.014041
epinfma          -0.000377        0.146427        0.021441        0.044471       -0.022122
zcapf             0.832620        5.996743       35.960930        0.169575       -0.221303
rkf               0.307331        2.213475        4.899471        0.169575       -0.221303
kf               -0.406545        8.677907       75.306073       -0.029635       -0.207360
pkf               0.046620        3.432824       11.784282        0.029413        0.250265
cf               -1.675296       13.003757      169.097702       -0.240686        0.001549
invef            -1.185517       14.632847      214.120217       -0.091383        0.003461
yf               -0.148822       12.362094      152.821363        0.027960       -0.266694
labf              0.535600        2.971796        8.831571        0.237939       -0.133515
wf               -0.634815        9.255740       85.668725       -0.087677       -0.050546
rrf              -0.145332       15.161528      229.871944       -0.026437        0.039738
mc               -0.036287        2.914674        8.495324       -0.065194       -0.005117
zcap              0.977873       13.483706      181.810335       -0.011633       -0.202473
rk                0.360945        4.977009       24.770616       -0.011633       -0.202473
k                -0.648093       14.530575      211.137622        0.006374       -0.157768
pk               -0.115833       24.843537      617.201306       -0.023167        0.043813
c                -1.977907       22.103379      488.559345       -0.023407        0.028675
inve             -1.566549       28.909851      835.779509        0.031528       -0.071989
y                -0.376291       21.508458      462.613776       -0.005880        0.001974
lab               0.412344       12.640023      159.770171       -0.060332        0.036285
pinf              0.001913        1.732015        2.999874       -0.081934        0.034950
w                -0.699491        9.396187       88.288339       -0.039213       -0.238032
r                -0.034189        4.152967       17.247135       -0.071861        0.018363
a                -0.408700        6.911104       47.763353       -0.062444       -0.050157
b                -0.023199        2.265242        5.131323       -0.027076        0.045256
g                 0.936474        6.890391       47.477489        0.105216       -0.470450
qs               -0.008999        0.836232        0.699283        0.002935        0.120412
ms               -0.002782        0.238581        0.056921       -0.004393        0.008239
spinf            -0.000377        0.146427        0.021441        0.044471       -0.022122
sw               -0.001268        0.206612        0.042689       -0.002100       -0.014041
kpf              -1.239192       12.022865      144.549284       -0.135819       -0.256359
kp               -1.625825       16.795388      282.085071        0.016879       -0.567370


CORRELATION OF SIMULATED VARIABLES
VARIABLE     labobs     robs  pinfobs       dy       dc    dinve       dw     ewma  epinfma    zcapf      rkf       kf      pkf       cf    invef       yf     labf       wf      rrf       mc     zcap       rk        k       pk        c     inve        y      lab     pinf        w        r        a        b        g       qs       ms    spinf       sw      kpf       kp
labobs       1.0000   0.9738   0.9503   0.2047   0.1813   0.3192   0.3823  -0.0072  -0.0015   0.1579   0.1579  -0.1011  -0.1472  -0.2206  -0.0331  -0.0641   0.2728  -0.1446   0.7297   0.9077   0.7092   0.7092   0.7053   0.5886   0.6829   0.7372   0.7764   1.0000   0.9503   0.1211   0.9738  -0.1351   0.7243   0.1309   0.1080  -0.0258  -0.0015  -0.0072  -0.1472   0.0773
robs         0.9738   1.0000   0.9422   0.2467   0.2262   0.3545   0.4184  -0.0006   0.0027   0.0280   0.0280  -0.0481  -0.1245  -0.0797   0.0347  -0.0431   0.0806  -0.0643   0.7811   0.9138   0.6693   0.6693   0.7471   0.6401   0.7842   0.7733   0.8036   0.9738   0.9422   0.1998   1.0000  -0.0633   0.7773  -0.0004   0.0849   0.0250   0.0027  -0.0006  -0.0451   0.1451
pinfobs      0.9503   0.9422   1.0000   0.0585   0.0422   0.1782   0.2113   0.0148   0.1012   0.0450   0.0450  -0.0581  -0.1588  -0.1008   0.0370  -0.0491   0.1108  -0.0793   0.6173   0.9637   0.6113   0.6113   0.7571   0.4632   0.7455   0.8174   0.7836   0.9503   1.0000   0.2164   0.9422  -0.0772   0.6120   0.0099   0.1171  -0.0450   0.1012   0.0148  -0.0598   0.2012
dy           0.2047   0.2467   0.0585   1.0000   0.9889   0.9208   0.7664   0.0123  -0.0170   0.0266   0.0266  -0.0022  -0.0197   0.0007   0.0053   0.0048   0.0063   0.0022   0.7875   0.0321   0.2210   0.2210   0.0896   0.8775   0.1824   0.0326   0.1610   0.2047   0.0585  -0.0197   0.2467   0.0043   0.7907   0.0001   0.0768  -0.0394  -0.0170   0.0123  -0.0133  -0.0948
dc           0.1813   0.2262   0.0422   0.9889   1.0000   0.8819   0.7418   0.0028  -0.0119   0.0061   0.0061  -0.0009   0.0100   0.0024   0.0051   0.0007  -0.0085   0.0033   0.7786   0.0205   0.1901   0.1901   0.0799   0.8740   0.1672   0.0244   0.1427   0.1813   0.0422  -0.0197   0.2262   0.0039   0.7815  -0.0049   0.0089  -0.0363  -0.0119   0.0028  -0.0033  -0.0798
dinve        0.3192   0.3545   0.1782   0.9208   0.8819   1.0000   0.7600   0.0009  -0.0105   0.0857   0.0857  -0.0096  -0.1384  -0.0066   0.0446   0.0129   0.0404  -0.0015   0.7860   0.1380   0.3526   0.3526   0.1584   0.8418   0.2625   0.1259   0.2548   0.3192   0.1782   0.0023   0.3545   0.0051   0.7939  -0.0039   0.3515  -0.0483  -0.0105   0.0009  -0.0424  -0.1325
dw           0.3823   0.4184   0.2113   0.7664   0.7418   0.7600   1.0000   0.4356  -0.2370   0.0679   0.0679   0.0089  -0.0109   0.0080   0.0392   0.0276   0.0018   0.0240   0.7378   0.1947   0.4008   0.4008   0.2219   0.7741   0.3286   0.1846   0.3244   0.3823   0.2113   0.0411   0.4184   0.0296   0.7441   0.0106   0.0811  -0.0569  -0.2370   0.4356  -0.0243  -0.1162
ewma        -0.0072  -0.0006   0.0148   0.0123   0.0028   0.0009   0.4356   1.0000  -0.0021  -0.0045  -0.0045  -0.0061  -0.0194  -0.0113   0.0073  -0.0076   0.0095  -0.0098  -0.0007   0.0844   0.0061   0.0061   0.0068   0.0000  -0.0113  -0.0042  -0.0081  -0.0072   0.0148   0.0234  -0.0006  -0.0103  -0.0014  -0.0019   0.0116   0.0023  -0.0021   1.0000  -0.0017   0.0008
epinfma     -0.0015   0.0027   0.1012  -0.0170  -0.0119  -0.0105  -0.2370  -0.0021   1.0000   0.0011   0.0011  -0.0032   0.0131  -0.0014  -0.0124  -0.0031  -0.0005  -0.0026  -0.0056  -0.0477  -0.0078  -0.0078  -0.0120  -0.0085  -0.0035  -0.0077  -0.0051  -0.0015   0.1012  -0.0206   0.0027  -0.0025  -0.0046   0.0008   0.0030  -0.0008   1.0000  -0.0021  -0.0032  -0.0043
zcapf        0.1579   0.0280   0.0450   0.0266   0.0061   0.0857   0.0679  -0.0045   0.0011   1.0000   1.0000  -0.3198   0.2009  -0.4734  -0.4600  -0.0681   0.6450  -0.2678   0.0073  -0.0373   0.5054   0.5054  -0.2228   0.0371  -0.2882  -0.2588  -0.0427   0.1579   0.0450  -0.2891   0.0280  -0.1957   0.0117   0.4166  -0.0317   0.0035   0.0011  -0.0045  -0.7251  -0.5944
rkf          0.1579   0.0280   0.0450   0.0266   0.0061   0.0857   0.0679  -0.0045   0.0011   1.0000   1.0000  -0.3198   0.2009  -0.4734  -0.4600  -0.0681   0.6450  -0.2678   0.0073  -0.0373   0.5054   0.5054  -0.2228   0.0371  -0.2882  -0.2588  -0.0427   0.1579   0.0450  -0.2891   0.0280  -0.1957   0.0117   0.4166  -0.0317   0.0035   0.0011  -0.0045  -0.7251  -0.5944
kf          -0.1011  -0.0481  -0.0581  -0.0022  -0.0009  -0.0096   0.0089  -0.0061  -0.0032  -0.3198  -0.3198   1.0000  -0.1111   0.8385   0.7697   0.9671  -0.3374   0.9694  -0.0316  -0.0554  -0.1079  -0.1079   0.5482  -0.0363   0.4546   0.3639   0.5293  -0.1011  -0.0581   0.9266  -0.0481   0.9621  -0.0328   0.4947   0.0685  -0.0090  -0.0032  -0.0061   0.8837   0.5634
pkf         -0.1472  -0.1245  -0.1588  -0.0197   0.0100  -0.1384  -0.0109  -0.0194   0.0131   0.2009   0.2009  -0.1111   1.0000   0.0672  -0.6405  -0.0630  -0.1987   0.0077  -0.0388  -0.1868   0.0373   0.0373  -0.1796   0.0950  -0.0461  -0.4509  -0.1311  -0.1472  -0.1588  -0.0599  -0.1245   0.0233  -0.0098   0.0100  -0.7965  -0.0134   0.0131  -0.0194  -0.2074  -0.2094
cf          -0.2206  -0.0797  -0.1008   0.0007   0.0024  -0.0066   0.0080  -0.0113  -0.0014  -0.4734  -0.4734   0.8385   0.0672   1.0000   0.6631   0.7558  -0.7772   0.9225  -0.0355  -0.0833  -0.1711  -0.1711   0.4281  -0.0133   0.5329   0.2837   0.3913  -0.2206  -0.1008   0.8682  -0.0797   0.9026  -0.0294  -0.0060  -0.0423  -0.0112  -0.0014  -0.0113   0.8399   0.5068
invef       -0.0331   0.0347   0.0370   0.0053   0.0051   0.0446   0.0392   0.0073  -0.0124  -0.4600  -0.4600   0.7697  -0.6405   0.6631   1.0000   0.6869  -0.3394   0.7206  -0.0028   0.0463  -0.1450  -0.1450   0.4857  -0.0821   0.4118   0.5655   0.4324  -0.0331   0.0370   0.7188   0.0347   0.6981  -0.0165   0.1445   0.4776  -0.0042  -0.0124   0.0073   0.8033   0.5534
yf          -0.0641  -0.0431  -0.0491   0.0048   0.0007   0.0129   0.0276  -0.0076  -0.0031  -0.0681  -0.0681   0.9671  -0.0630   0.7558   0.6869   1.0000  -0.1820   0.9489  -0.0314  -0.0683   0.0221   0.0221   0.5174  -0.0283   0.4012   0.3137   0.5459  -0.0641  -0.0491   0.8980  -0.0431   0.9605  -0.0314   0.6328   0.0636  -0.0086  -0.0031  -0.0076   0.7358   0.4336
labf         0.2728   0.0806   0.1108   0.0063  -0.0085   0.0404   0.0018   0.0095  -0.0005   0.6450   0.6450  -0.3374  -0.1987  -0.7772  -0.3394  -0.1820   1.0000  -0.4832   0.0259   0.0760   0.2813   0.2813  -0.1462  -0.0087  -0.4141  -0.1258  -0.0659   0.2728   0.1108  -0.4440   0.0806  -0.4422   0.0142   0.6065   0.1616   0.0114  -0.0005   0.0095  -0.5588  -0.3470
wf          -0.1446  -0.0643  -0.0793   0.0022   0.0033  -0.0015   0.0240  -0.0098  -0.0026  -0.2678  -0.2678   0.9694   0.0077   0.9225   0.7206   0.9489  -0.4832   1.0000  -0.0362  -0.0852  -0.0706  -0.0706   0.5076  -0.0224   0.4902   0.3197   0.5072  -0.1446  -0.0793   0.9422  -0.0643   0.9973  -0.0325   0.3687   0.0048  -0.0113  -0.0026  -0.0098   0.8346   0.4975
rrf          0.7297   0.7811   0.6173   0.7875   0.7786   0.7860   0.7378  -0.0007  -0.0056   0.0073   0.0073  -0.0316  -0.0388  -0.0355  -0.0028  -0.0314   0.0259  -0.0362   1.0000   0.5925   0.5360   0.5360   0.5268   0.9741   0.6169   0.4855   0.5995   0.7297   0.6173   0.1170   0.7811  -0.0363   0.9989  -0.0139   0.0210  -0.0054  -0.0056  -0.0007  -0.0255   0.0490
mc           0.9077   0.9138   0.9637   0.0321   0.0205   0.1380   0.1947   0.0844  -0.0477  -0.0373  -0.0373  -0.0554  -0.1868  -0.0833   0.0463  -0.0683   0.0760  -0.0852   0.5925   1.0000   0.5205   0.5205   0.7629   0.4340   0.7387   0.8114   0.7505   0.9077   0.9637   0.2343   0.9138  -0.0896   0.5832  -0.0321   0.0999  -0.0239  -0.0477   0.0844  -0.0179   0.2763
zcap         0.7092   0.6693   0.6113   0.2210   0.1901   0.3526   0.4008   0.0061  -0.0078   0.5054   0.5054  -0.1079   0.0373  -0.1711  -0.1450   0.0221   0.2813  -0.0706   0.5360   0.5205   1.0000   1.0000   0.2829   0.4766   0.3682   0.2996   0.5280   0.7092   0.6113   0.0132   0.6693  -0.0330   0.5363   0.1962   0.0300  -0.0227  -0.0078   0.0061  -0.3252  -0.5268
rk           0.7092   0.6693   0.6113   0.2210   0.1901   0.3526   0.4008   0.0061  -0.0078   0.5054   0.5054  -0.1079   0.0373  -0.1711  -0.1450   0.0221   0.2813  -0.0706   0.5360   0.5205   1.0000   1.0000   0.2829   0.4766   0.3682   0.2996   0.5280   0.7092   0.6113   0.0132   0.6693  -0.0330   0.5363   0.1962   0.0300  -0.0227  -0.0078   0.0061  -0.3252  -0.5268
k            0.7053   0.7471   0.7571   0.0896   0.0799   0.1584   0.2219   0.0068  -0.0120  -0.2228  -0.2228   0.5482  -0.1796   0.4281   0.4857   0.5174  -0.1462   0.5076   0.5268   0.7629   0.2829   0.2829   1.0000   0.3993   0.9214   0.9116   0.9565   0.7053   0.7571   0.7475   0.7471   0.4995   0.5221   0.2719   0.1083  -0.0256  -0.0120   0.0068   0.5105   0.6658
pk           0.5886   0.6401   0.4632   0.8775   0.8740   0.8418   0.7741   0.0000  -0.0085   0.0371   0.0371  -0.0363   0.0950  -0.0133  -0.0821  -0.0283  -0.0087  -0.0224   0.9741   0.4340   0.4766   0.4766   0.3993   1.0000   0.5128   0.3160   0.4818   0.5886   0.4632   0.0781   0.6401  -0.0200   0.9778  -0.0110  -0.0665  -0.0361  -0.0085   0.0000  -0.0471  -0.0210
c            0.6829   0.7842   0.7455   0.1824   0.1672   0.2625   0.3286  -0.0113  -0.0035  -0.2882  -0.2882   0.4546  -0.0461   0.5329   0.4118   0.4012  -0.4141   0.4902   0.6169   0.7387   0.3682   0.3682   0.9214   0.5128   1.0000   0.8469   0.9114   0.6829   0.7455   0.7013   0.7842   0.4768   0.6181  -0.0209   0.0317  -0.0291  -0.0035  -0.0113   0.4731   0.5294
inve         0.7372   0.7733   0.8174   0.0326   0.0244   0.1259   0.1846  -0.0042  -0.0077  -0.2588  -0.2588   0.3639  -0.4509   0.2837   0.5655   0.3137  -0.1258   0.3197   0.4855   0.8114   0.2996   0.2996   0.9116   0.3160   0.8469   1.0000   0.8628   0.7372   0.8174   0.5768   0.7733   0.3055   0.4749   0.0575   0.3219  -0.0250  -0.0077  -0.0042   0.4042   0.5848
y            0.7764   0.8036   0.7836   0.1610   0.1427   0.2548   0.3244  -0.0081  -0.0051  -0.0427  -0.0427   0.5293  -0.1311   0.3913   0.4324   0.5459  -0.0659   0.5072   0.5995   0.7505   0.5280   0.5280   0.9565   0.4818   0.9114   0.8628   1.0000   0.7764   0.7836   0.7144   0.8036   0.5130   0.5967   0.3501   0.0999  -0.0289  -0.0051  -0.0081   0.4081   0.4357
lab          1.0000   0.9738   0.9503   0.2047   0.1813   0.3192   0.3823  -0.0072  -0.0015   0.1579   0.1579  -0.1011  -0.1472  -0.2206  -0.0331  -0.0641   0.2728  -0.1446   0.7297   0.9077   0.7092   0.7092   0.7053   0.5886   0.6829   0.7372   0.7764   1.0000   0.9503   0.1211   0.9738  -0.1351   0.7243   0.1309   0.1080  -0.0258  -0.0015  -0.0072  -0.1472   0.0773
pinf         0.9503   0.9422   1.0000   0.0585   0.0422   0.1782   0.2113   0.0148   0.1012   0.0450   0.0450  -0.0581  -0.1588  -0.1008   0.0370  -0.0491   0.1108  -0.0793   0.6173   0.9637   0.6113   0.6113   0.7571   0.4632   0.7455   0.8174   0.7836   0.9503   1.0000   0.2164   0.9422  -0.0772   0.6120   0.0099   0.1171  -0.0450   0.1012   0.0148  -0.0598   0.2012
w            0.1211   0.1998   0.2164  -0.0197  -0.0197   0.0023   0.0411   0.0234  -0.0206  -0.2891  -0.2891   0.9266  -0.0599   0.8682   0.7188   0.8980  -0.4440   0.9422   0.1170   0.2343   0.0132   0.0132   0.7475   0.0781   0.7013   0.5768   0.7144   0.1211   0.2164   1.0000   0.1998   0.9367   0.1172   0.3483   0.0381  -0.0169  -0.0206   0.0234   0.8153   0.6467
r            0.9738   1.0000   0.9422   0.2467   0.2262   0.3545   0.4184  -0.0006   0.0027   0.0280   0.0280  -0.0481  -0.1245  -0.0797   0.0347  -0.0431   0.0806  -0.0643   0.7811   0.9138   0.6693   0.6693   0.7471   0.6401   0.7842   0.7733   0.8036   0.9738   0.9422   0.1998   1.0000  -0.0633   0.7773  -0.0004   0.0849   0.0250   0.0027  -0.0006  -0.0451   0.1451
a           -0.1351  -0.0633  -0.0772   0.0043   0.0039   0.0051   0.0296  -0.0103  -0.0025  -0.1957  -0.1957   0.9621   0.0233   0.9026   0.6981   0.9605  -0.4422   0.9973  -0.0363  -0.0896  -0.0330  -0.0330   0.4995  -0.0200   0.4768   0.3055   0.5130  -0.1351  -0.0772   0.9367  -0.0633   1.0000  -0.0322   0.4073   0.0024  -0.0112  -0.0025  -0.0103   0.7937   0.4606
b            0.7243   0.7773   0.6120   0.7907   0.7815   0.7939   0.7441  -0.0014  -0.0046   0.0117   0.0117  -0.0328  -0.0098  -0.0294  -0.0165  -0.0314   0.0142  -0.0325   0.9989   0.5832   0.5363   0.5363   0.5221   0.9778   0.6181   0.4749   0.5967   0.7243   0.6120   0.1172   0.7773  -0.0322   1.0000  -0.0169   0.0173  -0.0065  -0.0046  -0.0014  -0.0290   0.0443
g            0.1309  -0.0004   0.0099   0.0001  -0.0049  -0.0039   0.0106  -0.0019   0.0008   0.4166   0.4166   0.4947   0.0100  -0.0060   0.1445   0.6328   0.6065   0.3687  -0.0139  -0.0321   0.1962   0.1962   0.2719  -0.0110  -0.0209   0.0575   0.3501   0.1309   0.0099   0.3483  -0.0004   0.4073  -0.0169   1.0000  -0.0118  -0.0010   0.0008  -0.0019   0.1499   0.0782
qs           0.1080   0.0849   0.1171   0.0768   0.0089   0.3515   0.0811   0.0116   0.0030  -0.0317  -0.0317   0.0685  -0.7965  -0.0423   0.4776   0.0636   0.1616   0.0048   0.0210   0.0999   0.0300   0.0300   0.1083  -0.0665   0.0317   0.3219   0.0999   0.1080   0.1171   0.0381   0.0849   0.0024   0.0173  -0.0118   1.0000   0.0067   0.0030   0.0116   0.0924   0.0923
ms          -0.0258   0.0250  -0.0450  -0.0394  -0.0363  -0.0483  -0.0569   0.0023  -0.0008   0.0035   0.0035  -0.0090  -0.0134  -0.0112  -0.0042  -0.0086   0.0114  -0.0113  -0.0054  -0.0239  -0.0227  -0.0227  -0.0256  -0.0361  -0.0291  -0.0250  -0.0289  -0.0258  -0.0450  -0.0169   0.0250  -0.0112  -0.0065  -0.0010   0.0067   1.0000  -0.0008   0.0023  -0.0081  -0.0050
spinf       -0.0015   0.0027   0.1012  -0.0170  -0.0119  -0.0105  -0.2370  -0.0021   1.0000   0.0011   0.0011  -0.0032   0.0131  -0.0014  -0.0124  -0.0031  -0.0005  -0.0026  -0.0056  -0.0477  -0.0078  -0.0078  -0.0120  -0.0085  -0.0035  -0.0077  -0.0051  -0.0015   0.1012  -0.0206   0.0027  -0.0025  -0.0046   0.0008   0.0030  -0.0008   1.0000  -0.0021  -0.0032  -0.0043
