Starting Dynare (version 5.3).
Calling Dynare with arguments: none
Starting preprocessing of the model file ...
WARNING: in the 'steady_state_model' block, variable 'ewma' is not assigned a value
WARNING: in the 'steady_state_model' block, variable 'epinfma' is not assigned a value
WARNING: in the 'steady_state_model' block, variable 'zcapf' is not assigned a value
WARNING: in the 'steady_state_model' block, variable 'rkf' is not assigned a value
WARNING: in the 'steady_state_model' block, variable 'kf' is not assigned a value
WARNING: in the 'steady_state_model' block, variable 'pkf' is not assigned a value
WARNING: in the 'steady_state_model' block, variable 'cf' is not assigned a value
WARNING: in the 'steady_state_model' block, variable 'invef' is not assigned a value
WARNING: in the 'steady_state_model' block, variable 'yf' is not assigned a value
WARNING: in the 'steady_state_model' block, variable 'labf' is not assigned a value
WARNING: in the 'steady_state_model' block, variable 'wf' is not assigned a value
WARNING: in the 'steady_state_model' block, variable 'rrf' is not assigned a value
WARNING: in the 'steady_state_model' block, variable 'mc' is not assigned a value
WARNING: in the 'steady_state_model' block, variable 'zcap' is not assigned a value
WARNING: in the 'steady_state_model' block, variable 'rk' is not assigned a value
WARNING: in the 'steady_state_model' block, variable 'k' is not assigned a value
WARNING: in the 'steady_state_model' block, variable 'pk' is not assigned a value
WARNING: in the 'steady_state_model' block, variable 'c' is not assigned a value
WARNING: in the 'steady_state_model' block, variable 'inve' is not assigned a value
WARNING: in the 'steady_state_model' block, variable 'y' is not assigned a value
WARNING: in the 'steady_state_model' block, variable 'lab' is not assigned a value
WARNING: in the 'steady_state_model' block, variable 'pinf' is not assigned a value
WARNING: in the 'steady_state_model' block, variable 'w' is not assigned a value
WARNING: in the 'steady_state_model' block, variable 'r' is not assigned a value
WARNING: in the 'steady_state_model' block, variable 'a' is not assigned a value
WARNING: in the 'steady_state_model' block, variable 'b' is not assigned a value
WARNING: in the 'steady_state_model' block, variable 'g' is not assigned a value
WARNING: in the 'steady_state_model' block, variable 'qs' is not assigned a value
WARNING: in the 'steady_state_model' block, variable 'ms' is not assigned a value
WARNING: in the 'steady_state_model' block, variable 'spinf' is not assigned a value
WARNING: in the 'steady_state_model' block, variable 'sw' is not assigned a value
WARNING: in the 'steady_state_model' block, variable 'kpf' is not assigned a value
WARNING: in the 'steady_state_model' block, variable 'kp' is not assigned a value
Found 40 equation(s).
Evaluating expressions...done
Computing static model derivatives (order 1).
Computing dynamic model derivatives (order 2).
Processing outputs ...
done
Preprocessing completed.


EIGENVALUES:
         Modulus             Real        Imaginary

               0                0                0
               0                0                0
               0                0                0
               0                0                0
               0                0                0
       4.716e-18        4.716e-18                0
        2.44e-17         2.44e-17                0
          0.4367           0.4367                0
          0.4788           0.4788                0
          0.5799           0.5799                0
          0.6252           0.6252                0
          0.7165           0.7165                0
           0.816            0.816                0
          0.8268           0.8261          0.03299
          0.8268           0.8261         -0.03299
          0.8463           0.8463                0
          0.9769           0.9769                0
          0.9778           0.9778                0
          0.9957           0.9957                0
          0.9977           0.9977                0
           1.033            1.033          0.01154
           1.033            1.033         -0.01154
           1.036            1.036                0
           1.167            1.148           0.2107
           1.167            1.148          -0.2107
           1.265            1.265                0
           1.289            1.289                0
       1.434e+16        1.434e+16                0
       5.232e+16       -5.232e+16                0
       5.748e+17       -5.748e+17                0
       4.749e+18       -4.749e+18                0
       5.268e+18        5.268e+18                0


There are 12 eigenvalue(s) larger than 1 in modulus 
for 12 forward-looking variable(s)

The rank condition is verified.

[Warning: Some of the parameters have no value (ccs, cinvs, crdpi) when using stoch_simul. If these parameters are
not initialized in a steadystate file or a steady_state_model-block, Dynare may not be able to solve the model.
Note that simul, perfect_foresight_setup, and perfect_foresight_solver do not automatically call the steady state
file.] 

MODEL SUMMARY

  Number of variables:         40
  Number of stochastic shocks: 7
  Number of state variables:   20
  Number of jumpers:           12
  Number of static variables:  14


MATRIX OF COVARIANCE OF EXOGENOUS SHOCKS
Variables          ea        eb        eg       eqs        em     epinf        ew
ea           0.213259  0.000000  0.000000  0.000000  0.000000  0.000000  0.000000
eb           0.000000  3.427312  0.000000  0.000000  0.000000  0.000000  0.000000
eg           0.000000  0.000000  0.370881  0.000000  0.000000  0.000000  0.000000
eqs          0.000000  0.000000  0.000000  0.362043  0.000000  0.000000  0.000000
em           0.000000  0.000000  0.000000  0.000000  0.057456  0.000000  0.000000
epinf        0.000000  0.000000  0.000000  0.000000  0.000000  0.021170  0.000000
ew           0.000000  0.000000  0.000000  0.000000  0.000000  0.000000  0.043639

POLICY AND TRANSITION FUNCTIONS
                              labobs            robs         pinfobs              dy              dc           dinve              dw            ewma         epinfma           zcapf             rkf              kf             pkf              cf           invef              yf            labf              wf             rrf              mc            zcap              rk               k              pk               c            inve               y             lab            pinf               w               r               a               b               g              qs              ms           spinf              sw             kpf              kp
Constant                           0        1.808590        0.700000        0.398200        0.398200        0.398200        0.398200               0               0               0               0               0               0               0               0               0               0               0               0               0               0               0               0               0               0               0               0               0               0               0               0               0               0               0               0               0               0               0               0               0
yf(-1)                     -0.197634        0.154259       -0.058303       -0.287969       -0.280551       -0.364104       -0.040694               0               0               0               0               0               0               0               0               0               0               0               0       -0.046348       -0.174074       -0.064253       -0.174074       -0.780031       -0.280551       -0.364104       -0.287969       -0.197634       -0.058303       -0.040694        0.154259               0               0               0               0               0               0               0               0       -0.010511
y(-1)                       0.197634       -0.154259        0.058303       -0.712031        0.280551        0.364104        0.040694               0               0               0               0               0               0               0               0               0               0               0               0        0.046348        0.174074        0.064253        0.174074        0.780031        0.280551        0.364104        0.287969        0.197634        0.058303        0.040694       -0.154259               0               0               0               0               0               0               0               0        0.010511
r(-1)                      -0.737821        0.575893       -0.217661       -1.075068       -1.047374       -1.359301       -0.151922               0               0               0               0               0               0               0               0               0               0               0               0       -0.173030       -0.649868       -0.239875       -0.649868       -2.912073       -1.047374       -1.359301       -1.075068       -0.737821       -0.217661       -0.151922        0.575893               0               0               0               0               0               0               0               0       -0.039239
a(-1)                      -0.908606       -0.158674       -0.143671        0.277449        0.534433        0.334642        0.211537               0               0        0.401071        0.148040        0.401071        1.928301        0.974118        0.604655        0.823666       -0.716903        1.266014       -1.084403       -0.882035       -0.509139       -0.187930       -0.509139        0.234545        0.534433        0.334642        0.277449       -0.908606       -0.143671        0.211537       -0.158674        0.997700               0               0               0               0               0               0        0.017455        0.009660
b(-1)                       1.352305        0.494911        0.138983        1.938961        2.110454        1.817956        0.158790               0               0               0               0               0               0               0               0               0               0               0        3.877943        0.218455        1.103704        0.407391        1.103704        6.809654        2.110454        1.817956        1.938961        1.352305        0.138983        0.158790        0.494911               0        0.579900               0               0               0               0               0               0        0.052479
g(-1)                       0.691227        0.048971        0.019646        0.971630       -0.216646       -0.055341        0.007143               0               0        0.381881        0.140957        0.381881       -0.759681       -0.420096       -0.205849        0.784258        0.567351       -0.044513        0.453794        0.050616        0.510089        0.188281        0.510089       -0.085270       -0.216646       -0.055341        0.971630        0.691227        0.019646        0.007143        0.048971               0               0        0.995700               0               0               0               0       -0.005942       -0.001598
qs(-1)                      0.427457        0.065072        0.065009        0.613032       -0.043123        2.879608        0.050709               0               0        0.191687        0.070754        0.191687       -1.396064       -0.210869        2.484068        0.393662        0.284785       -0.022343       -0.258930        0.069478        0.349252        0.128914        0.349252       -1.072067       -0.043123        2.879608        0.613032        0.427457        0.065009        0.050709        0.065072               0               0               0        0.716500               0               0               0        0.197098        0.208516
kpf(-1)                     0.000075        0.020317        0.001988        0.000348       -0.001378        0.005368        0.000921               0               0       -0.770368       -0.284353        0.229632        0.293450        0.135756        0.091686       -0.082081       -0.144516        0.089796       -0.172833        0.000764        0.000727        0.000268        0.000727       -0.010880       -0.001378        0.005368        0.000348        0.000075        0.001988        0.000921        0.020317               0               0               0               0               0               0               0        0.973780        0.000155
kp(-1)                     -0.198248       -0.047831       -0.023564       -0.179679        0.044318        0.008586        0.005309               0               0               0               0               0               0               0               0               0               0               0               0       -0.073153       -0.871323       -0.321616        0.128677        0.000324        0.044318        0.008586       -0.179679       -0.198248       -0.023564        0.005309       -0.047831               0               0               0               0               0               0               0               0        0.971381
cf(-1)                      0.008498       -0.069174       -0.002211        0.011739        0.016711       -0.000534       -0.000699               0               0        0.144059        0.053174        0.144059       -0.851272        0.475102       -0.189134        0.295850        0.214025       -0.016792        0.530590       -0.000026        0.005697        0.002103        0.005697        0.066117        0.016711       -0.000534        0.011739        0.008498       -0.002211       -0.000699       -0.069174               0               0               0               0               0               0               0       -0.005460       -0.000015
invef(-1)                   0.007771       -0.027404       -0.000481        0.011016        0.012642        0.008561        0.000429               0               0        0.060315        0.022263        0.060315       -0.384294       -0.066351        0.781626        0.123868        0.089609       -0.007030        0.155740        0.000857        0.005990        0.002211        0.005990        0.044202        0.012642        0.008561        0.011016        0.007771       -0.000481        0.000429       -0.027404               0               0               0               0               0               0               0        0.022563        0.000247
c(-1)                       0.337756        0.117541        0.011490        0.476879       -0.324166       -0.041320        0.011513               0               0               0               0               0               0               0               0               0               0               0               0        0.031349        0.255106        0.094163        0.255106       -0.187507        0.675834       -0.041320        0.476879        0.337756        0.011490        0.011513        0.117541               0               0               0               0               0               0               0               0       -0.001193
inve(-1)                    0.136752        0.048270        0.007552        0.193682        0.006364       -0.148386        0.006944               0               0               0               0               0               0               0               0               0               0               0               0        0.014575        0.104956        0.038740        0.104956       -0.158251        0.006364        0.851614        0.193682        0.136752        0.007552        0.006944        0.048270               0               0               0               0               0               0               0               0        0.024584
pinf(-1)                   -0.057736        0.047915        0.409322       -0.113566       -0.077816       -0.170616       -0.123849               0               0               0               0               0               0               0               0               0               0               0               0       -0.105874       -0.132630       -0.048955       -0.132630       -0.180540       -0.077816       -0.170616       -0.113566       -0.057736        0.409322       -0.123849        0.047915               0               0               0               0               0               0               0               0       -0.004925
w(-1)                      -0.074028        0.044637        0.099809        0.108454       -0.017136       -0.048499       -0.192561               0               0               0               0               0               0               0               0               0               0               0               0        0.661108        0.535684        0.197728        0.535684        0.124283       -0.017136       -0.048499        0.108454       -0.074028        0.099809        0.807439        0.044637               0               0               0               0               0               0               0               0       -0.001400
ea                         -0.556653       -0.133956       -0.133940        0.775760        0.424698        0.307068        0.215684               0               0        0.597596        0.220580        0.597596        1.543635        0.761190        0.500613        1.227264       -0.427957        1.246133       -0.854468       -0.858143       -0.249044       -0.091925       -0.249044        0.191410        0.424698        0.307068        0.775760       -0.556653       -0.133940        0.215684       -0.133956        1.000000               0        0.510000               0               0               0               0        0.014451        0.008864
eb                          2.331962        0.853443        0.239668        3.343612        3.639342        3.134948        0.273824               0               0               0               0               0               0               0               0               0               0               0        6.687261        0.376711        1.903266        0.702520        1.903266       11.742808        3.639342        3.134948        3.343612        2.331962        0.239668        0.273824        0.853443               0        1.000000               0               0               0               0               0               0        0.090497
eg                          0.694212        0.049182        0.019731        0.975826       -0.217582       -0.055580        0.007174               0               0        0.383530        0.141566        0.383530       -0.762962       -0.421911       -0.206737        0.787645        0.569802       -0.044705        0.455754        0.050835        0.512292        0.189094        0.512292       -0.085638       -0.217582       -0.055580        0.975826        0.694212        0.019731        0.007174        0.049182               0               0        1.000000               0               0               0               0       -0.005968       -0.001604
eqs                         0.596590        0.090819        0.090731        0.855592       -0.060186        4.018993        0.070773               0               0        0.267533        0.098750        0.267533       -1.948450       -0.294305        3.466947        0.549424        0.397467       -0.031184       -0.361381        0.096969        0.487442        0.179921        0.487442       -1.496255       -0.060186        4.018993        0.855592        0.596590        0.090731        0.070773        0.090819               0               0               0        1.000000               0               0               0        0.275084        0.291020
em                         -0.842069        0.657262       -0.248415       -1.226967       -1.195359       -1.551359       -0.173387               0               0               0               0               0               0               0               0               0               0               0               0       -0.197478       -0.741689       -0.273767       -0.741689       -3.323525       -1.195359       -1.551359       -1.226967       -0.842069       -0.248415       -0.173387        0.657262               0               0               0               0        1.000000               0               0               0       -0.044783
epinf                      -0.105259        0.104355        1.176362       -0.464168       -0.225499       -0.483360       -1.203662               0        1.000000               0               0               0               0               0               0               0               0               0               0       -0.999475       -0.956036       -0.352885       -0.956036       -0.689194       -0.225499       -0.483360       -0.464168       -0.105259        1.176362       -1.203662        0.104355               0               0               0               0               0        1.000000               0               0       -0.013953
ew                         -0.147541        0.088963        0.198924        0.216155       -0.034153       -0.096660        1.609266        1.000000               0               0               0               0               0               0               0               0               0               0               0        1.317622        1.067644        0.394081        1.067644        0.247702       -0.034153       -0.096660        0.216155       -0.147541        0.198924        1.609266        0.088963               0               0               0               0               0               0        1.000000               0       -0.002790


MOMENTS OF SIMULATED VARIABLES
VARIABLE              MEAN       STD. DEV.        VARIANCE        SKEWNESS        KURTOSIS
labobs            2.358465       12.984432      168.595476        0.040536       -0.171166
robs              2.352269        4.234684       17.932546        0.008418        0.001089
pinfobs           0.959994        1.779111        3.165235        0.036216       -0.060643
dy                0.387570        7.104944       50.480225       -0.056733       -0.232422
dc                0.391338        7.599415       57.751107       -0.039148       -0.255236
dinve             0.388686        7.426739       55.156450       -0.027032       -0.110250
dw                0.396643        0.775707        0.601721       -0.029401       -0.047153
ewma              0.003400        0.205050        0.042046        0.125245        0.137044
epinfma          -0.000568        0.146517        0.021467       -0.043009        0.018657
zcapf             2.092020        4.395979       19.324634        0.312261       -0.294757
rkf               0.772191        1.622612        2.632871        0.312261       -0.294757
kf                1.920654        4.991454       24.914611       -0.463814       -0.916772
pkf               0.193279        3.099867        9.609176       -0.046144        0.656099
cf               -0.229309        7.378274       54.438932       -0.228780       -1.066957
invef             0.295979        9.511938       90.476971       -0.031659        0.129071
yf                4.039268        8.667657       75.128277       -0.083365       -1.160521
labf              0.989902        2.564688        6.577622        0.389711       -0.732870
wf                1.702943        5.317742       28.278385       -0.459773       -0.635891
rrf               1.333335       15.634036      244.423094       -0.057134        0.039335
mc                0.462484        2.956502        8.740906       -0.062671        0.144472
zcap             -0.341992       12.383029      153.339396       -0.010103       -0.293732
rk               -0.126234        4.570735       20.891614       -0.010103       -0.293732
k                 5.079887       12.052335      145.258768        0.200055        0.169590
pk                1.732691       25.681374      659.532992       -0.091108       -0.009353
c                 3.485782       18.575514      345.049739        0.071958        0.768004
inve              5.229063       25.423285      646.343433        0.249878        0.087346
y                 6.736753       19.518910      380.987828        0.219198        0.019917
lab               2.358465       12.984432      168.595476        0.040536       -0.171166
pinf              0.259994        1.779111        3.165235        0.036216       -0.060643
w                 2.595188        5.272886       27.803330       -0.026482       -0.537668
r                 0.543680        4.234684       17.932546        0.008418        0.001089
a                 1.479562        4.180852       17.479527       -0.353945       -0.698420
b                 0.198567        2.335739        5.455675       -0.060953        0.053457
g                 3.623748        7.167242       51.369359        0.519329       -1.000672
qs               -0.031548        0.794684        0.631522        0.126073        0.084559
ms               -0.000260        0.244370        0.059716        0.063349        0.068885
spinf            -0.000568        0.146517        0.021467       -0.043009        0.018657
sw                0.003400        0.205050        0.042046        0.125245        0.137044
kpf              -0.163396        5.332986       28.440735       -0.401620       -0.579283
kp                5.410792        9.629288       92.723190       -0.037579       -0.322765


CORRELATION OF SIMULATED VARIABLES
VARIABLE     labobs     robs  pinfobs       dy       dc    dinve       dw     ewma  epinfma    zcapf      rkf       kf      pkf       cf    invef       yf     labf       wf      rrf       mc     zcap       rk        k       pk        c     inve        y      lab     pinf        w        r        a        b        g       qs       ms    spinf       sw      kpf       kp
labobs       1.0000   0.9747   0.9548   0.2057   0.1725   0.3492   0.3835  -0.0532  -0.0403   0.1173   0.1173  -0.0308  -0.2027  -0.2814   0.0268   0.0063   0.2948  -0.1353   0.7191   0.9165   0.7927   0.7927   0.9229   0.5785   0.8818   0.8652   0.9250   1.0000   0.9548   0.3341   0.9747  -0.1199   0.7147   0.1651   0.1798  -0.1004  -0.0403  -0.0532  -0.1159   0.2004
robs         0.9747   1.0000   0.9343   0.2592   0.2284   0.3985   0.4306  -0.0452  -0.0486  -0.0140  -0.0140  -0.0895  -0.1747  -0.1596   0.0397  -0.0813   0.1072  -0.1400   0.7764   0.9128   0.7980   0.7980   0.8841   0.6374   0.9361   0.8471   0.8918   0.9747   0.9343   0.3124   1.0000  -0.1366   0.7731  -0.0034   0.1529  -0.0418  -0.0486  -0.0452  -0.0642   0.1448
pinfobs      0.9548   0.9343   1.0000   0.0539   0.0277   0.2016   0.1999  -0.0299   0.0646  -0.0109  -0.0109  -0.0758  -0.2483  -0.2151   0.0802  -0.0685   0.1751  -0.1589   0.5940   0.9662   0.7216   0.7216   0.9098   0.4388   0.8765   0.9155   0.8766   0.9548   1.0000   0.3540   0.9343  -0.1546   0.5883   0.0370   0.2039  -0.1174   0.0646  -0.0299  -0.0507   0.2774
dy           0.2057   0.2592   0.0539   1.0000   0.9891   0.9231   0.7717   0.0019  -0.0224   0.0370   0.0370  -0.0047   0.0231   0.0067  -0.0473   0.0063   0.0067   0.0036   0.8001   0.0349   0.2423   0.2423   0.1152   0.8884   0.2335   0.0158   0.1839   0.2057   0.0539  -0.0333   0.2592   0.0070   0.8035   0.0100   0.0430  -0.0253  -0.0224   0.0019  -0.0352  -0.1608
dc           0.1725   0.2284   0.0277   0.9891   1.0000   0.8829   0.7445  -0.0071  -0.0171   0.0142   0.0142  -0.0014   0.0515   0.0131  -0.0426   0.0028  -0.0115   0.0086   0.7851   0.0134   0.2037   0.2037   0.0929   0.8797   0.2053  -0.0014   0.1545   0.1725   0.0277  -0.0359   0.2284   0.0096   0.7874   0.0037  -0.0289  -0.0183  -0.0171  -0.0071  -0.0156  -0.1420
dinve        0.3492   0.3985   0.2016   0.9231   0.8829   1.0000   0.7753  -0.0147  -0.0348   0.1028   0.1028  -0.0133  -0.1010  -0.0009   0.0089   0.0174   0.0392  -0.0000   0.8179   0.1727   0.4127   0.4127   0.2303   0.8689   0.3650   0.1469   0.3191   0.3492   0.2016   0.0244   0.3985   0.0096   0.8269   0.0042   0.3224  -0.0419  -0.0348  -0.0147  -0.0855  -0.2196
dw           0.3835   0.4306   0.1999   0.7717   0.7445   0.7753   1.0000   0.4104  -0.2370   0.1036   0.1036   0.0228   0.0297   0.0057   0.0006   0.0488   0.0222   0.0423   0.7517   0.1910   0.4306   0.4306   0.2830   0.7866   0.4088   0.1822   0.3699   0.3835   0.1999   0.0758   0.4306   0.0506   0.7591   0.0399   0.0684  -0.0561  -0.2370   0.4104  -0.0603  -0.1790
ewma        -0.0532  -0.0452  -0.0299   0.0019  -0.0071  -0.0147   0.4104   1.0000   0.0464  -0.0365  -0.0365   0.0437  -0.0202   0.0313   0.0522   0.0275  -0.0125   0.0359  -0.0344   0.0327  -0.0413  -0.0413  -0.0118  -0.0280  -0.0353  -0.0295  -0.0329  -0.0532  -0.0299   0.0681  -0.0452   0.0313  -0.0346   0.0051   0.0093  -0.0223   0.0464   1.0000   0.0719   0.0351
epinfma     -0.0403  -0.0486   0.0646  -0.0224  -0.0171  -0.0348  -0.2370   0.0464   1.0000  -0.0115  -0.0115  -0.0356   0.0211  -0.0543  -0.0453  -0.0340   0.0247  -0.0488  -0.0420  -0.0797  -0.0646  -0.0646  -0.0590  -0.0354  -0.0663  -0.0499  -0.0592  -0.0403   0.0646  -0.0915  -0.0486  -0.0483  -0.0413   0.0073  -0.0175  -0.0298   1.0000   0.0464  -0.0259   0.0048
zcapf        0.1173  -0.0140  -0.0109   0.0370   0.0142   0.1028   0.1036  -0.0365  -0.0115   1.0000   1.0000   0.3607   0.1186  -0.2306  -0.1253   0.5924   0.6797   0.3159  -0.0088  -0.0994   0.3192   0.3192   0.1169   0.0187  -0.1024  -0.0794   0.2430   0.1173  -0.0109   0.2550  -0.0140   0.3985  -0.0026   0.7501   0.0594  -0.0072  -0.0115  -0.0365  -0.4775  -0.2617
rkf          0.1173  -0.0140  -0.0109   0.0370   0.0142   0.1028   0.1036  -0.0365  -0.0115   1.0000   1.0000   0.3607   0.1186  -0.2306  -0.1253   0.5924   0.6797   0.3159  -0.0088  -0.0994   0.3192   0.3192   0.1169   0.0187  -0.1024  -0.0794   0.2430   0.1173  -0.0109   0.2550  -0.0140   0.3985  -0.0026   0.7501   0.0594  -0.0072  -0.0115  -0.0365  -0.4775  -0.2617
kf          -0.0308  -0.0895  -0.0758  -0.0047  -0.0014  -0.0133   0.0228   0.0437  -0.0356   0.3607   0.3607   1.0000   0.0053   0.5066   0.4883   0.9651   0.2356   0.9351  -0.0725  -0.1025   0.2177   0.2177   0.2530  -0.0512   0.0698   0.0644   0.3341  -0.0308  -0.0758   0.8429  -0.0895   0.9375  -0.0732   0.6620  -0.0084  -0.0277  -0.0356   0.0437   0.6451   0.0404
pkf         -0.2027  -0.1747  -0.2483   0.0231   0.0515  -0.1010   0.0297  -0.0202   0.0211   0.1186   0.1186   0.0053   1.0000   0.2077  -0.7394   0.0379  -0.2206   0.1476  -0.0364  -0.2727  -0.0897  -0.0897  -0.1914   0.0919  -0.0671  -0.4928  -0.1469  -0.2027  -0.2483  -0.0162  -0.1747   0.1537  -0.0123   0.0839  -0.7803   0.0059   0.0211  -0.0202  -0.1486  -0.1694
cf          -0.2814  -0.1596  -0.2151   0.0067   0.0131  -0.0009   0.0057   0.0313  -0.0543  -0.2306  -0.2306   0.5066   0.2077   1.0000   0.3612   0.3728  -0.6973   0.7414  -0.0833  -0.1847   0.1003   0.1003  -0.0955  -0.0337   0.1632  -0.1229  -0.0112  -0.2814  -0.2151   0.5617  -0.1596   0.6953  -0.0767  -0.2530  -0.1432   0.0354  -0.0543   0.0313   0.6599  -0.2528
invef        0.0268   0.0397   0.0802  -0.0473  -0.0426   0.0089   0.0006   0.0522  -0.0453  -0.1253  -0.1253   0.4883  -0.7394   0.3612   1.0000   0.3866  -0.0625   0.4502  -0.0536   0.0803   0.1363   0.1363   0.1801  -0.1358   0.1211   0.4161   0.1964   0.0268   0.0802   0.4638   0.0397   0.4236  -0.0680  -0.0035   0.5391  -0.0048  -0.0453   0.0522   0.6096   0.0882
yf           0.0063  -0.0813  -0.0685   0.0063   0.0028   0.0174   0.0488   0.0275  -0.0340   0.5924   0.5924   0.9651   0.0379   0.3728   0.3866   1.0000   0.3944   0.8964  -0.0651  -0.1165   0.2777   0.2777   0.2513  -0.0390   0.0315   0.0334   0.3568   0.0063  -0.0685   0.7997  -0.0813   0.9217  -0.0640   0.7824   0.0094  -0.0260  -0.0340   0.0275   0.4232  -0.0386
labf         0.2948   0.1072   0.1751   0.0067  -0.0115   0.0392   0.0222  -0.0125   0.0247   0.6797   0.6797   0.2356  -0.2206  -0.6973  -0.0625   0.3944   1.0000  -0.0537   0.0441   0.1199   0.1302   0.1302   0.2965   0.0102  -0.1255   0.1535   0.2931   0.2948   0.1751   0.0647   0.1072   0.0114   0.0359   0.8429   0.1908  -0.0522   0.0247  -0.0125  -0.3282   0.2122
wf          -0.1353  -0.1400  -0.1589   0.0036   0.0086  -0.0000   0.0423   0.0359  -0.0488   0.3159   0.3159   0.9351   0.1476   0.7414   0.4502   0.8964  -0.0537   1.0000  -0.0920  -0.1844   0.2389   0.2389   0.1301  -0.0473   0.0948  -0.0378   0.2463  -0.1353  -0.1589   0.8377  -0.1400   0.9961  -0.0868   0.4437  -0.0819  -0.0031  -0.0488   0.0359   0.6181  -0.1443
rrf          0.7191   0.7764   0.5940   0.8001   0.7851   0.8179   0.7517  -0.0344  -0.0420  -0.0088  -0.0088  -0.0725  -0.0364  -0.0833  -0.0536  -0.0651   0.0441  -0.0920   1.0000   0.5773   0.6306   0.6306   0.6054   0.9765   0.7255   0.5004   0.6511   0.7191   0.5940   0.1596   0.7764  -0.0898   0.9990  -0.0100   0.0361  -0.0365  -0.0420  -0.0344  -0.0607  -0.0130
mc           0.9165   0.9128   0.9662   0.0349   0.0134   0.1727   0.1910   0.0327  -0.0797  -0.0994  -0.0994  -0.1025  -0.2727  -0.1847   0.0803  -0.1165   0.1199  -0.1844   0.5773   1.0000   0.6687   0.6687   0.8909   0.4190   0.8640   0.8972   0.8328   0.9165   0.9662   0.3591   0.9128  -0.1875   0.5677  -0.0277   0.1833  -0.1008  -0.0797   0.0327  -0.0047   0.3188
zcap         0.7927   0.7980   0.7216   0.2423   0.2037   0.4127   0.4306  -0.0413  -0.0646   0.3192   0.3192   0.2177  -0.0897   0.1003   0.1363   0.2777   0.1302   0.2389   0.6306   0.6687   1.0000   1.0000   0.6898   0.5390   0.7771   0.6079   0.8382   0.7927   0.7216   0.4916   0.7980   0.2607   0.6306   0.1892   0.1514  -0.0724  -0.0646  -0.0413  -0.0467  -0.3619
rk           0.7927   0.7980   0.7216   0.2423   0.2037   0.4127   0.4306  -0.0413  -0.0646   0.3192   0.3192   0.2177  -0.0897   0.1003   0.1363   0.2777   0.1302   0.2389   0.6306   0.6687   1.0000   1.0000   0.6898   0.5390   0.7771   0.6079   0.8382   0.7927   0.7216   0.4916   0.7980   0.2607   0.6306   0.1892   0.1514  -0.0724  -0.0646  -0.0413  -0.0467  -0.3619
k            0.9229   0.8841   0.9098   0.1152   0.0929   0.2303   0.2830  -0.0118  -0.0590   0.1169   0.1169   0.2530  -0.1914  -0.0955   0.1801   0.2513   0.2965   0.1301   0.6054   0.8909   0.6898   0.6898   1.0000   0.4695   0.8785   0.8983   0.9661   0.9229   0.9098   0.6110   0.8841   0.1367   0.6002   0.3022   0.1437  -0.1062  -0.0590  -0.0118   0.1494   0.4246
pk           0.5785   0.6374   0.4388   0.8884   0.8797   0.8689   0.7866  -0.0280  -0.0354   0.0187   0.0187  -0.0512   0.0919  -0.0337  -0.1358  -0.0390   0.0102  -0.0473   0.9765   0.4190   0.5390   0.5390   0.4695   1.0000   0.6072   0.3269   0.5290   0.5785   0.4388   0.1157   0.6374  -0.0440   0.9793   0.0067  -0.0500  -0.0522  -0.0354  -0.0280  -0.0698  -0.0782
c            0.8818   0.9361   0.8765   0.2335   0.2053   0.3650   0.4088  -0.0353  -0.0663  -0.1024  -0.1024   0.0698  -0.0671   0.1632   0.1211   0.0315  -0.1255   0.0948   0.7255   0.8640   0.7771   0.7771   0.8785   0.6072   1.0000   0.8189   0.8903   0.8818   0.8765   0.5104   0.9361   0.0821   0.7255  -0.0831   0.0767  -0.0815  -0.0663  -0.0353   0.1537   0.1610
inve         0.8652   0.8471   0.9155   0.0158  -0.0014   0.1469   0.1822  -0.0295  -0.0499  -0.0794  -0.0794   0.0644  -0.4928  -0.1229   0.4161   0.0334   0.1535  -0.0378   0.5004   0.8972   0.6079   0.6079   0.8983   0.3269   0.8189   1.0000   0.8417   0.8652   0.9155   0.4497   0.8471  -0.0439   0.4900   0.0247   0.3644  -0.0883  -0.0499  -0.0295   0.1531   0.4142
y            0.9250   0.8918   0.8766   0.1839   0.1545   0.3191   0.3699  -0.0329  -0.0592   0.2430   0.2430   0.3341  -0.1469  -0.0112   0.1964   0.3568   0.2931   0.2463   0.6511   0.8328   0.8382   0.8382   0.9661   0.5290   0.8903   0.8417   1.0000   0.9250   0.8766   0.6570   0.8918   0.2608   0.6484   0.3526   0.1446  -0.1009  -0.0592  -0.0329   0.1230   0.1937
lab          1.0000   0.9747   0.9548   0.2057   0.1725   0.3492   0.3835  -0.0532  -0.0403   0.1173   0.1173  -0.0308  -0.2027  -0.2814   0.0268   0.0063   0.2948  -0.1353   0.7191   0.9165   0.7927   0.7927   0.9229   0.5785   0.8818   0.8652   0.9250   1.0000   0.9548   0.3341   0.9747  -0.1199   0.7147   0.1651   0.1798  -0.1004  -0.0403  -0.0532  -0.1159   0.2004
pinf         0.9548   0.9343   1.0000   0.0539   0.0277   0.2016   0.1999  -0.0299   0.0646  -0.0109  -0.0109  -0.0758  -0.2483  -0.2151   0.0802  -0.0685   0.1751  -0.1589   0.5940   0.9662   0.7216   0.7216   0.9098   0.4388   0.8765   0.9155   0.8766   0.9548   1.0000   0.3540   0.9343  -0.1546   0.5883   0.0370   0.2039  -0.1174   0.0646  -0.0299  -0.0507   0.2774
w            0.3341   0.3124   0.3540  -0.0333  -0.0359   0.0244   0.0758   0.0681  -0.0915   0.2550   0.2550   0.8429  -0.0162   0.5617   0.4638   0.7997   0.0647   0.8377   0.1596   0.3591   0.4916   0.4916   0.6110   0.1157   0.5104   0.4497   0.6570   0.3341   0.3540   1.0000   0.3124   0.8336   0.1584   0.4482   0.0170  -0.0583  -0.0915   0.0681   0.5863   0.1633
r            0.9747   1.0000   0.9343   0.2592   0.2284   0.3985   0.4306  -0.0452  -0.0486  -0.0140  -0.0140  -0.0895  -0.1747  -0.1596   0.0397  -0.0813   0.1072  -0.1400   0.7764   0.9128   0.7980   0.7980   0.8841   0.6374   0.9361   0.8471   0.8918   0.9747   0.9343   0.3124   1.0000  -0.1366   0.7731  -0.0034   0.1529  -0.0418  -0.0486  -0.0452  -0.0642   0.1448
a           -0.1199  -0.1366  -0.1546   0.0070   0.0096   0.0096   0.0506   0.0313  -0.0483   0.3985   0.3985   0.9375   0.1537   0.6953   0.4236   0.9217   0.0114   0.9961  -0.0898  -0.1875   0.2607   0.2607   0.1367  -0.0440   0.0821  -0.0439   0.2608  -0.1199  -0.1546   0.8336  -0.1366   1.0000  -0.0842   0.4988  -0.0736  -0.0036  -0.0483   0.0313   0.5530  -0.1639
b            0.7147   0.7731   0.5883   0.8035   0.7874   0.8269   0.7591  -0.0346  -0.0413  -0.0026  -0.0026  -0.0732  -0.0123  -0.0767  -0.0680  -0.0640   0.0359  -0.0868   0.9990   0.5677   0.6306   0.6306   0.6002   0.9793   0.7255   0.4900   0.6484   0.7147   0.5883   0.1584   0.7731  -0.0842   1.0000  -0.0101   0.0381  -0.0364  -0.0413  -0.0346  -0.0670  -0.0201
g            0.1651  -0.0034   0.0370   0.0100   0.0037   0.0042   0.0399   0.0051   0.0073   0.7501   0.7501   0.6620   0.0839  -0.2530  -0.0035   0.7824   0.8429   0.4437  -0.0100  -0.0277   0.1892   0.1892   0.3022   0.0067  -0.0831   0.0247   0.3526   0.1651   0.0370   0.4482  -0.0034   0.4988  -0.0101   1.0000  -0.0432  -0.0520   0.0073   0.0051  -0.0001   0.1323
qs           0.1798   0.1529   0.2039   0.0430  -0.0289   0.3224   0.0684   0.0093  -0.0175   0.0594   0.0594  -0.0084  -0.7803  -0.1432   0.5391   0.0094   0.1908  -0.0819   0.0361   0.1833   0.1514   0.1514   0.1437  -0.0500   0.0767   0.3644   0.1446   0.1798   0.2039   0.0170   0.1529  -0.0736   0.0381  -0.0432   1.0000   0.0004  -0.0175   0.0093  -0.0014   0.0277
ms          -0.1004  -0.0418  -0.1174  -0.0253  -0.0183  -0.0419  -0.0561  -0.0223  -0.0298  -0.0072  -0.0072  -0.0277   0.0059   0.0354  -0.0048  -0.0260  -0.0522  -0.0031  -0.0365  -0.1008  -0.0724  -0.0724  -0.1062  -0.0522  -0.0815  -0.0883  -0.1009  -0.1004  -0.1174  -0.0583  -0.0418  -0.0036  -0.0364  -0.0520   0.0004   1.0000  -0.0298  -0.0223  -0.0196  -0.0455
spinf       -0.0403  -0.0486   0.0646  -0.0224  -0.0171  -0.0348  -0.2370   0.0464   1.0000  -0.0115  -0.0115  -0.0356   0.0211  -0.0543  -0.0453  -0.0340   0.0247  -0.0488  -0.0420  -0.0797  -0.0646  -0.0646  -0.0590  -0.0354  -0.0663  -0.0499  -0.0592  -0.0403   0.0646  -0.0915  -0.0486  -0.0483  -0.0413   0.0073  -0.0175  -0.0298   1.0000   0.0464  -0.0259   0.0048
